timestamp,Ax,Ay,Az,Dx,Dy,flex,B1,B2
724822,0.8,4.7,8.6,0,0,945,1,1
724842,0.8,4.7,8.6,0,0,948,1,1
724862,0.8,4.7,8.6,0,0,947,1,1
724882,0.8,4.7,8.6,0,0,948,1,1
724902,0.8,4.7,8.6,0,0,945,1,1
724922,0.8,4.7,8.6,0,0,947,1,1
724942,0.8,4.7,8.6,0,0,945,1,1
724962,0.8,4.7,8.6,0,0,946,1,1
724982,0.8,4.7,8.7,0,0,948,1,1
725002,0.8,4.7,8.6,0,0,943,1,1
725022,0.8,4.7,8.6,0,0,945,1,1
725042,0.8,4.7,8.6,0,0,946,1,1
725062,0.8,4.7,8.6,0,0,943,1,1
725082,0.8,4.7,8.6,0,0,944,1,1
725102,0.8,4.7,8.6,0,0,945,1,1
725122,0.8,4.7,8.6,0,0,944,1,1
725142,0.8,4.7,8.6,0,0,946,1,1
725162,0.8,4.7,8.6,0,0,948,1,1
725182,0.8,4.7,8.6,0,0,955,1,1
725202,0.8,4.7,8.6,0,0,945,1,1
725222,0.8,4.7,8.6,0,0,945,1,1
725242,0.8,4.7,8.6,0,0,947,1,1
725262,0.8,4.8,8.6,0,0,945,1,1
725282,0.8,4.7,8.7,0,0,946,1,1
725302,0.8,4.7,8.7,0,0,944,1,1
725322,0.8,4.7,8.6,0,0,944,1,1
725342,0.8,4.7,8.6,0,0,944,1,1
725362,0.8,4.7,8.6,0,0,947,1,1
725382,0.8,4.7,8.6,0,0,948,1,1
725402,0.8,4.7,8.7,0,0,944,1,1
725422,0.8,4.7,8.6,0,0,944,1,1
725442,0.8,4.7,8.6,0,0,945,1,1
725462,0.8,4.7,8.6,0,0,947,1,1
725482,0.8,4.7,8.6,0,0,946,1,1
725502,0.8,4.7,8.6,0,0,950,1,1
725522,0.8,4.7,8.6,0,0,946,1,1
725542,0.8,4.7,8.6,0,0,945,1,1
725562,0.8,4.7,8.7,0,0,944,1,1
725582,0.8,4.7,8.6,0,0,945,1,1
725602,0.8,4.7,8.6,0,0,944,1,1
725622,0.8,4.7,8.6,0,0,948,1,1
725642,0.8,4.8,8.6,0,0,947,1,1
725662,0.8,4.7,8.6,0,0,945,1,1
725682,0.8,4.7,8.7,0,0,948,1,1
725702,0.8,4.7,8.7,0,0,943,1,1
725722,0.8,4.7,8.7,0,0,946,1,1
725742,0.8,4.7,8.6,0,0,945,1,1
725762,0.8,4.7,8.6,0,0,945,1,1
725782,0.8,4.7,8.6,0,0,943,1,1
725802,0.8,4.7,8.6,0,0,942,1,1
725822,0.8,4.7,8.7,0,0,922,1,1
725842,0.8,4.7,8.7,0,0,945,1,1
725862,0.8,4.8,8.6,0,0,945,1,1
725882,0.8,4.7,8.6,0,0,948,1,1
725902,0.8,4.7,8.6,0,0,946,1,1
725922,0.8,4.7,8.6,0,0,946,1,1
725942,0.8,4.7,8.6,0,0,946,1,1
725962,0.8,4.7,8.6,0,0,948,1,1
725982,0.8,4.7,8.7,0,0,943,1,1
726002,0.8,4.7,8.7,0,0,947,1,1
726022,0.8,4.7,8.6,0,0,946,1,1
726042,0.8,4.7,8.6,0,0,945,1,1
726062,0.8,4.7,8.6,0,0,944,1,1
726082,0.8,4.7,8.6,0,0,947,1,1
726102,0.8,4.7,8.7,0,0,945,1,1
726122,0.8,4.7,8.6,0,0,946,1,1
726142,0.8,4.8,8.7,0,0,949,1,1
726162,0.8,4.7,8.6,0,0,947,1,1
726182,0.8,4.7,8.7,0,0,946,1,1
726202,0.8,4.7,8.6,0,0,947,1,1
726222,0.8,4.8,8.6,0,0,947,1,1
726242,0.8,4.8,8.6,0,0,946,1,1
726262,0.8,4.7,8.6,0,0,944,1,1
726282,0.8,4.7,8.6,0,0,946,1,1
726302,0.8,4.7,8.7,0,0,945,1,1
726322,0.8,4.7,8.6,0,0,945,1,1
726342,0.9,4.8,8.5,0,0,945,1,1
726362,0.8,4.8,8.6,0,0,946,1,1
726382,0.7,4.7,8.7,0,0,945,1,1
726402,0.8,4.7,8.6,0,0,948,1,1
726422,0.8,4.7,8.7,0,0,947,1,1
726442,0.7,4.7,8.7,-2,-5,941,1,1
726462,0.8,4.7,8.7,-1,-8,947,1,1
726482,0.8,4.8,8.7,-1,-14,948,1,1
726502,0.8,4.7,8.6,1,-14,945,1,1
726522,0.8,4.7,8.6,3,-12,945,1,1
726542,0.7,4.6,8.7,5,-11,946,1,1
726562,0.9,4.5,8.4,4,-7,945,1,1
726582,0.8,4.7,8.6,7,-10,945,1,1
726602,0.9,3.8,8.8,10,-8,943,1,1
726622,0.8,4.8,9.1,14,-9,946,1,1
726642,0.8,4.6,8.6,15,-4,945,1,1
726662,0.8,4.7,8.6,14,-2,944,1,1
726682,0.8,4.7,8.7,13,0,945,1,1
726702,0.8,4.8,8.9,9,0,948,1,1
726722,0.7,4.6,8.4,5,0,946,1,1
726742,0.8,4.8,8.8,5,0,947,1,1
726762,0.8,4.7,8.6,1,-3,946,1,1
726782,0.8,4.8,8.8,-1,5,947,1,1
726802,0.7,4.9,8.9,2,0,946,1,1
726822,0.8,4.7,8.7,8,-3,945,1,1
726842,0.9,4.8,8.8,15,11,948,1,1
726862,0.5,4.3,8.2,1,19,943,1,1
726882,0.8,4.5,8.8,-3,21,946,1,1
726902,0.9,4.9,8.7,-5,22,943,1,1
726922,0.8,4.4,8.5,-10,21,946,1,1
726942,3.4,3.7,7.6,-16,13,948,1,1
726962,1.0,4.4,7.7,-19,3,945,1,1
726982,1.0,5.0,8.8,-16,0,946,1,1
727002,0.8,4.7,8.6,-9,-5,947,1,1
727022,0.8,4.8,8.6,0,0,944,1,1
727042,0.8,4.8,8.6,0,0,946,1,1
727062,0.8,4.7,8.6,0,0,947,1,1
727082,0.8,4.7,8.6,0,0,945,1,1
727102,0.8,4.7,8.6,0,0,943,1,1
727122,0.8,4.8,8.6,0,0,946,1,1
727142,0.8,4.8,8.6,0,0,942,1,1
727162,0.8,4.7,8.6,0,0,946,1,1
727182,0.8,4.7,8.6,0,0,945,1,1
727202,0.8,4.7,8.6,0,0,947,1,1
727222,0.8,4.7,8.6,0,0,947,1,1
727242,0.8,4.8,8.6,0,0,947,1,1
727262,0.8,4.7,8.6,0,0,948,1,1
727282,0.8,4.8,8.6,0,0,946,1,1
727302,0.8,4.7,8.6,0,0,944,1,1
727322,0.8,4.8,8.6,0,0,945,1,1
727342,0.8,4.7,8.6,0,0,945,1,1
727362,0.8,4.7,8.6,0,0,945,1,1
727382,0.8,4.7,8.6,0,0,945,1,1
727402,0.8,4.8,8.6,0,0,943,1,1
727422,0.8,4.7,8.6,0,0,946,1,1
727442,0.8,4.7,8.7,0,0,946,1,1
727462,0.8,4.7,8.6,0,0,944,1,1
727482,0.8,4.7,8.6,0,0,949,1,1
727502,0.8,4.7,8.6,0,0,946,1,1
727522,0.8,4.8,8.6,0,0,945,1,1
727542,0.8,4.8,8.6,0,0,944,1,1
727562,0.8,4.7,8.6,0,0,946,1,1
727582,0.8,4.7,8.7,0,0,946,1,1
727602,0.8,4.7,8.7,0,0,946,1,1
727622,0.8,4.7,8.6,0,0,947,1,1
727642,0.8,4.8,8.6,0,0,946,1,1
727662,0.8,4.8,8.6,0,0,943,1,1
727682,0.8,4.8,8.6,0,0,946,1,1
727702,0.8,4.7,8.6,0,0,945,1,1
727722,0.8,4.7,8.7,0,0,947,1,1
727742,0.8,4.7,8.6,0,0,948,1,1
727762,0.8,4.8,8.6,0,0,947,1,1
727782,0.8,4.8,8.6,0,0,946,1,1
727802,0.8,4.8,8.6,0,0,945,1,1
727822,0.8,4.7,8.7,0,0,946,1,1
727842,0.8,4.8,8.6,0,0,947,1,1
727862,0.8,4.7,8.7,0,0,952,1,1
727882,0.8,4.7,8.6,0,0,945,1,1
727902,0.8,4.8,8.6,0,0,944,1,1
727922,0.8,4.8,8.6,0,0,945,1,1
727942,0.8,4.7,8.6,0,0,945,1,1
727962,0.8,4.6,8.4,0,0,946,1,1
727982,0.8,4.8,8.7,0,0,945,1,1
728002,0.8,4.7,8.6,0,0,947,1,1
728022,0.8,4.8,8.6,0,0,947,1,1
728042,0.8,4.7,8.8,-11,-6,943,1,1
728062,0.8,4.7,8.6,-10,-10,945,1,1
728082,0.6,4.9,8.7,-5,-10,945,1,1
728102,0.8,4.8,8.6,-1,-10,944,1,1
728122,0.8,4.7,8.6,5,-16,946,1,1
728142,0.8,4.8,8.6,7,-14,943,1,1
728162,0.7,4.8,8.6,12,-11,945,1,1
728182,0.8,4.8,8.6,12,-7,947,1,1
728202,0.8,4.8,8.7,12,-1,946,1,1
728222,0.8,4.7,8.5,14,4,946,1,1
728242,0.8,4.7,8.5,11,8,944,1,1
728262,0.8,5.1,9.7,10,9,947,1,1
728282,0.8,4.8,9.0,9,14,946,1,1
728302,0.8,4.8,9.1,12,19,946,1,1
728322,0.8,4.8,8.9,19,13,947,1,1
728342,1.0,4.9,6.7,14,7,947,1,1
728362,0.7,4.6,8.8,9,1,944,1,1
728382,0.8,4.7,8.7,3,-5,946,1,1
728402,0.9,4.8,8.7,0,-10,945,1,1
728422,0.9,4.7,8.6,-1,2,946,1,1
728442,1.0,5.0,9.1,-6,15,945,1,1
728462,0.8,4.7,9.6,-9,18,943,1,1
728482,0.6,4.7,8.4,-19,12,946,1,1
728502,1.1,5.1,9.2,-22,2,946,1,1
728522,0.8,4.8,8.7,-21,-3,948,1,1
728542,0.8,4.6,8.5,-19,-9,948,1,1
728562,0.9,5.1,9.2,-15,-11,946,1,1
728582,0.7,4.7,8.7,-14,-13,948,1,1
728602,0.8,4.8,8.7,-9,-12,946,1,1
728622,0.8,4.8,8.8,-5,-7,945,1,1
728642,0.8,4.7,8.6,0,0,945,1,1
728662,0.8,4.7,8.6,0,0,948,1,1
728682,0.8,4.7,8.6,0,0,945,1,1
728702,0.8,4.8,8.6,0,0,945,1,1
728722,0.8,4.7,8.6,0,0,945,1,1
728742,0.8,4.8,8.6,0,0,946,1,1
728762,0.8,4.7,8.6,0,0,944,1,1
728782,0.8,4.7,8.6,0,0,946,1,1
728802,0.8,4.7,8.7,0,0,946,1,1
728822,0.8,4.8,8.6,0,0,946,1,1
728842,0.8,4.8,8.6,0,0,945,1,1
728862,0.8,4.7,8.6,0,0,948,1,1
728882,0.8,4.7,8.6,0,0,946,1,1
728902,0.8,4.7,8.6,0,0,946,1,1
728922,0.8,4.7,8.6,0,0,945,1,1
728942,0.8,4.7,8.6,0,0,946,1,1
728962,0.8,4.8,8.6,0,0,947,1,1
728982,0.8,4.8,8.6,0,0,945,1,1
729002,0.8,4.8,8.6,0,0,947,1,1
729022,0.8,4.8,8.6,0,0,945,1,1
729042,0.8,4.8,8.6,0,0,944,1,1
729062,0.8,4.7,8.6,0,0,948,1,1
729082,0.8,4.7,8.6,0,0,947,1,1
729102,0.8,4.7,8.6,0,0,946,1,1
729122,0.8,4.8,8.6,0,0,946,1,1
729142,0.8,4.8,8.6,0,0,945,1,1
729162,0.8,4.8,8.7,0,0,947,1,1
729182,0.8,4.7,8.6,0,0,945,1,1
729202,0.8,4.7,8.6,0,0,946,1,1
729222,0.8,4.7,8.6,0,0,945,1,1
729242,0.9,4.8,8.6,0,0,943,1,1
729262,0.9,4.8,8.6,0,0,942,1,1
729282,0.8,4.8,8.6,0,0,947,1,1
729302,0.8,4.7,8.7,0,0,947,1,1
729322,0.7,4.7,8.7,0,0,945,1,1
729342,0.7,4.8,8.6,0,0,946,1,1
729362,0.8,4.8,8.6,0,0,945,1,1
729382,0.8,4.8,8.6,0,0,943,1,1
729402,0.8,4.7,8.6,0,0,944,1,1
729422,0.8,4.7,8.7,0,0,945,1,1
729442,0.8,4.7,8.6,0,0,946,1,1
729462,0.8,4.7,8.6,0,0,946,1,1
729482,0.8,4.8,8.6,0,0,947,1,1
729502,0.7,4.7,8.4,0,0,946,1,1
729522,0.8,4.7,8.6,0,0,944,1,1
729542,0.9,4.7,8.7,0,0,944,1,1
729562,0.8,4.7,8.6,0,0,944,1,1
729582,0.8,4.7,8.6,6,2,945,1,1
729602,0.8,4.7,8.6,-1,15,948,1,1
729622,0.8,4.7,8.6,-4,14,946,1,1
729642,0.8,4.7,8.6,-13,3,946,1,1
729662,0.8,4.8,9.0,-20,-4,945,1,1
729682,0.6,4.6,8.4,-22,-10,946,1,1
729702,0.8,4.7,8.6,-16,-11,948,1,1
729722,0.9,5.6,9.2,-8,-11,947,1,1
729742,0.8,4.6,8.5,0,-16,946,1,1
729762,0.8,4.8,8.6,4,-14,947,1,1
729782,0.8,4.8,8.6,5,-11,944,1,1
729802,0.7,4.7,8.8,8,-9,943,1,1
729822,0.8,4.7,8.5,6,-6,946,1,1
729842,0.8,4.8,8.7,2,-3,947,1,1
729862,0.8,4.7,8.6,4,-1,947,1,1
729882,0.8,4.7,8.4,6,-1,946,1,1
729902,0.9,4.8,8.8,8,1,948,1,1
729922,0.8,4.8,8.8,4,15,947,1,1
729942,0.8,4.8,8.6,4,10,946,1,1
729962,0.7,4.6,8.9,6,23,947,1,1
729982,0.8,4.7,8.5,16,28,946,1,1
730002,0.8,4.5,8.3,11,11,947,1,1
730022,0.8,4.6,8.5,8,-3,945,1,1
730042,0.9,4.7,8.8,11,-3,945,1,1
730062,0.8,4.5,8.3,2,5,944,1,1
730082,1.1,4.8,9.3,-4,9,945,1,1
730102,0.9,4.9,8.6,-18,12,945,1,1
730122,0.7,4.6,8.7,-22,5,946,1,1
730142,0.6,4.6,8.5,-20,0,946,1,1
730162,0.9,5.0,9.3,-19,-3,945,1,1
730182,0.8,4.9,8.8,-12,-4,948,1,1
730202,0.8,4.7,8.7,0,0,945,1,1
730222,0.8,4.7,8.6,0,0,945,1,1
730242,0.8,4.7,8.7,0,0,946,1,1
730262,0.8,4.8,8.6,0,0,944,1,1
730282,0.8,4.8,8.6,0,0,947,1,1
730302,0.8,4.8,8.6,0,0,944,1,1
730322,0.7,4.7,8.6,0,0,944,1,1
730342,0.8,4.8,8.6,0,0,947,1,1
730362,0.8,4.7,8.7,0,0,945,1,1
730382,0.8,4.8,8.6,0,0,946,1,1
730402,0.8,4.8,8.6,0,0,947,1,1
730422,0.8,4.8,8.6,0,0,947,1,1
730442,0.8,4.7,8.7,0,0,946,1,1
730462,0.8,4.7,8.6,0,0,945,1,1
730482,0.8,4.8,8.6,0,0,945,1,1
730502,0.8,4.8,8.6,0,0,945,1,1
730522,0.8,4.8,8.6,0,0,945,1,1
730542,0.8,4.7,8.6,0,0,947,1,1
730562,0.8,4.8,8.7,0,0,946,1,1
730582,0.8,4.7,8.6,0,0,944,1,1
730602,0.8,4.8,8.6,0,0,946,1,1
730622,0.8,4.8,8.6,0,0,944,1,1
730642,0.8,4.8,8.6,0,0,949,1,1
730662,0.8,4.8,8.6,0,0,947,1,1
730682,0.8,4.7,8.6,0,0,946,1,1
730702,0.8,4.8,8.6,0,0,948,1,1
730722,0.8,4.8,8.6,0,0,946,1,1
730742,0.8,4.8,8.6,0,0,946,1,1
730762,0.8,4.8,8.6,0,0,945,1,1
730782,0.8,4.8,8.6,0,0,945,1,1
730802,0.8,4.7,8.7,0,0,944,1,1
730822,0.8,4.7,8.6,0,0,943,1,1
730842,0.8,4.7,8.6,0,0,945,1,1
730862,0.8,4.8,8.6,0,0,944,1,1
730882,0.8,4.8,8.6,0,0,944,1,1
730902,0.8,4.8,8.6,0,0,949,1,1
730922,0.8,4.7,8.6,0,0,947,1,1
730942,0.8,4.7,8.6,0,0,945,1,1
730962,0.8,4.8,8.6,0,0,945,1,1
730982,0.9,5.1,8.5,0,0,945,1,1
731002,0.8,4.7,8.4,0,0,946,1,1
731022,0.8,4.7,8.7,0,0,945,1,1
731042,0.8,4.8,8.9,0,0,946,1,1
731062,0.9,4.8,8.7,0,0,946,1,1
731082,0.8,4.7,8.7,-2,-14,944,1,1
731102,1.1,5.3,9.0,4,-18,945,1,1
731122,0.8,4.8,8.6,7,-17,945,1,1
731142,0.7,4.7,8.5,9,-14,947,1,1
731162,0.8,4.8,8.6,8,-9,948,1,1
731182,0.7,4.8,8.6,7,-4,947,1,1
731202,0.8,4.8,8.7,9,-2,946,1,1
731222,0.8,4.7,8.7,12,4,946,1,1
731242,0.8,4.8,8.7,12,11,945,1,1
731262,0.7,4.4,8.9,11,16,945,1,1
731282,0.8,4.6,8.4,7,20,945,1,1
731302,0.8,5.1,8.6,5,11,945,1,1
731322,0.8,4.7,8.6,6,2,947,1,1
731342,0.9,4.9,8.8,4,-3,945,1,1
731362,0.8,4.8,8.7,11,-4,947,1,1
731382,1.1,5.2,9.4,3,-5,945,1,1
731402,0.9,4.9,9.3,12,-4,945,1,1
731422,0.1,2.3,4.2,0,19,947,1,1
731442,2.3,5.9,11.2,-4,28,947,1,1
731462,1.1,4.9,9.0,-16,21,946,1,1
731482,0.8,4.8,8.6,-18,12,944,1,1
731502,0.9,4.8,8.5,-16,5,946,1,1
731522,0.7,4.7,8.6,-16,-3,945,1,1
731542,0.7,4.7,8.6,-14,-7,946,1,1
731562,0.9,4.9,8.8,-11,-8,946,1,1
731582,0.8,4.8,8.8,-7,-9,945,1,1
731602,0.8,4.8,8.6,0,0,947,1,1
731622,0.8,4.8,8.6,0,0,947,1,1
731642,0.8,4.8,8.6,0,0,945,1,1
731662,0.8,4.8,8.6,0,0,945,1,1
731682,0.8,4.8,8.6,0,0,948,1,1
731702,0.8,4.7,8.6,0,0,947,1,1
731722,0.8,4.7,8.6,0,0,947,1,1
731742,0.8,4.8,8.6,0,0,946,1,1
731762,0.8,4.8,8.6,0,0,948,1,1
731782,0.8,4.8,8.6,0,0,944,1,1
731802,0.8,4.7,8.6,0,0,948,1,1
731822,0.8,4.7,8.6,0,0,947,1,1
731842,0.8,4.7,8.6,0,0,946,1,1
731862,0.8,4.7,8.6,0,0,946,1,1
731882,0.8,4.8,8.6,0,0,943,1,1
731902,0.8,4.8,8.6,0,0,945,1,1
731922,0.8,4.8,8.6,0,0,947,1,1
731942,0.8,4.8,8.6,0,0,946,1,1
731962,0.8,4.8,8.6,0,0,949,1,1
731982,0.8,4.8,8.6,0,0,946,1,1
732002,0.8,4.8,8.6,0,0,946,1,1
732022,0.8,4.8,8.6,0,0,946,1,1
732042,0.8,4.8,8.6,0,0,945,1,1
732062,0.8,4.7,8.6,0,0,945,1,1
732082,0.8,4.7,8.6,0,0,947,1,1
732102,0.8,4.7,8.6,0,0,945,1,1
732122,0.8,4.8,8.6,0,0,946,1,1
732142,0.8,4.8,8.6,0,0,946,1,1
732162,0.8,4.7,8.6,0,0,946,1,1
732182,0.8,4.7,8.7,0,0,945,1,1
732202,0.8,4.7,8.6,0,0,947,1,1
732222,0.8,4.8,8.6,0,0,945,1,1
732242,0.8,4.8,8.6,0,0,945,1,1
732262,0.8,4.8,8.6,0,0,948,1,1
732282,0.8,4.8,8.6,0,0,945,1,1
732302,0.8,4.8,8.6,0,0,944,1,1
732322,0.8,4.7,8.6,0,0,944,1,1
732342,0.8,4.8,8.7,0,0,947,1,1
732362,0.8,4.8,8.6,0,0,947,1,1
732382,0.8,4.8,8.6,0,0,942,1,1
732402,0.8,4.8,8.6,0,0,945,1,1
732422,0.8,4.8,8.7,0,0,947,1,1
732442,0.8,4.6,8.4,0,0,946,1,1
732462,0.8,4.7,8.6,0,0,948,1,1
732482,0.8,4.8,8.6,0,0,946,1,1
732502,0.8,5.9,8.9,0,0,945,1,1
732522,0.7,4.7,8.5,-8,-4,946,1,1
732542,0.8,4.7,8.6,-7,-11,946,1,1
732562,0.8,4.8,8.6,-4,-12,945,1,1
732582,0.8,4.8,8.6,1,-9,944,1,1
732602,0.8,4.8,8.6,5,-10,946,1,1
732622,0.8,4.8,8.6,8,-7,947,1,1
732642,0.8,4.8,8.7,8,-5,943,1,1
732662,0.7,4.8,8.6,14,-3,947,1,1
732682,0.8,4.8,8.5,24,4,945,1,1
732702,0.8,5.0,8.2,20,9,944,1,1
732722,0.9,3.7,9.6,16,11,945,1,1
732742,0.8,4.8,8.5,12,12,948,1,1
732762,1.0,4.2,7.9,14,9,946,1,1
732782,1.0,5.1,8.9,22,4,945,1,1
732802,0.3,4.3,7.3,18,-1,947,1,1
732822,0.7,4.8,8.3,10,-5,947,1,1
732842,0.7,4.5,8.6,2,-3,946,1,1
732862,0.8,4.6,8.4,0,-5,946,1,1
732882,0.8,4.7,8.6,-2,-10,946,1,1
732902,0.9,4.8,8.9,-6,-12,942,1,1
732922,0.3,5.4,9.4,-7,10,945,1,1
732942,0.8,5.3,8.7,-7,22,944,1,1
732962,0.4,4.4,8.6,-12,20,945,1,1
732982,0.9,4.8,8.9,-17,13,947,1,1
733002,0.9,4.6,8.6,-10,3,945,1,1
733022,0.8,4.8,8.6,0,0,948,1,1
733042,0.8,4.8,8.6,0,0,947,1,1
733062,0.8,4.8,8.6,0,0,947,1,1
733082,0.8,4.8,8.6,0,0,945,1,1
733102,0.8,4.8,8.6,0,0,944,1,1
733122,0.8,4.8,8.6,0,0,947,1,1
733142,0.8,4.7,8.6,0,0,944,1,1
733162,0.8,4.8,8.6,0,0,947,1,1
733182,0.8,4.8,8.6,0,0,944,1,1
733202,0.8,4.8,8.6,0,0,945,1,1
733222,0.8,4.8,8.6,0,0,945,1,1
733242,0.8,4.7,8.6,0,0,948,1,1
733262,0.8,4.8,8.6,0,0,948,1,1
733282,0.8,4.8,8.6,0,0,946,1,1
733302,0.8,4.8,8.6,0,0,949,1,1
733322,0.8,4.8,8.6,0,0,946,1,1
733342,0.8,4.7,8.6,0,0,946,1,1
733362,0.8,4.8,8.6,0,0,946,1,1
733382,0.8,4.8,8.6,0,0,944,1,1
733402,0.8,4.7,8.6,0,0,947,1,1
733422,0.8,4.8,8.6,0,0,946,1,1
733442,0.8,4.8,8.7,0,0,944,1,1
733462,0.8,4.8,8.6,0,0,947,1,1
733482,0.8,4.7,8.6,0,0,945,1,1
733502,0.8,4.8,8.6,0,0,946,1,1
733522,0.8,4.8,8.6,0,0,935,1,1
733542,0.8,4.8,8.6,0,0,946,1,1
733562,0.8,4.8,8.6,0,0,944,1,1
733582,0.8,4.8,8.6,0,0,945,1,1
733602,0.8,4.8,8.6,0,0,947,1,1
733622,0.8,4.8,8.6,0,0,946,1,1
733642,0.8,4.8,8.6,0,0,946,1,1
733662,0.8,4.8,8.6,0,0,946,1,1
733682,0.8,4.8,8.6,0,0,947,1,1
733702,0.8,4.8,8.6,0,0,945,1,1
733722,0.8,4.8,8.6,0,0,946,1,1
733742,0.8,4.8,8.6,0,0,946,1,1
733762,0.8,4.8,8.6,0,0,944,1,1
733782,0.8,4.8,8.6,0,0,947,1,1
733802,0.8,4.8,8.6,0,0,945,1,1
733822,0.8,4.8,8.6,0,0,946,1,1
733842,0.8,4.8,8.6,0,0,945,1,1
733862,0.8,4.8,8.6,0,0,946,1,1
733882,0.8,4.8,8.6,0,0,944,1,1
733902,0.8,4.7,8.6,0,0,945,1,1
733922,0.8,4.8,8.6,0,0,946,1,1
733942,0.8,4.8,8.6,0,0,947,1,1
733962,0.8,4.8,8.6,0,0,943,1,1
733982,0.9,4.6,8.4,0,0,944,1,1
734002,0.7,4.7,8.5,0,0,946,1,1
734022,0.7,4.7,8.6,0,0,947,1,1
734042,0.8,4.8,8.7,0,0,949,1,1
734062,0.8,4.7,8.6,-9,-11,947,1,1
734082,0.8,4.7,8.7,-3,-16,946,1,1
734102,0.7,4.7,8.6,0,-17,945,1,1
734122,0.8,4.8,8.7,3,-14,945,1,1
734142,0.8,4.8,8.6,5,-12,947,1,1
734162,1.0,4.7,8.7,6,-7,946,1,1
734182,0.8,4.7,8.6,7,-3,945,1,1
734202,0.8,4.8,8.7,14,2,945,1,1
734222,0.9,5.0,8.7,16,10,946,1,1
734242,0.6,4.2,8.4,14,16,944,1,1
734262,0.1,3.9,9.0,9,19,945,1,1
734282,0.4,4.0,8.6,5,15,945,1,1
734302,0.8,4.7,8.7,10,6,948,1,1
734322,0.6,4.5,8.5,14,0,945,1,1
734342,0.8,4.7,8.7,9,-2,946,1,1
734362,0.9,4.7,8.5,0,-6,945,1,1
734382,0.7,4.9,8.6,-1,12,944,1,1
734402,0.2,4.8,9.1,-11,14,943,1,1
734422,0.7,4.6,8.5,-19,10,946,1,1
734442,0.7,4.7,8.6,-20,0,945,1,1
734462,0.9,4.9,8.6,-22,-5,946,1,1
734482,0.8,4.7,8.8,-20,-9,946,1,1
734502,0.7,4.7,8.6,-17,-11,942,1,1
734522,0.8,4.9,8.8,-13,-12,944,1,1
734542,0.9,4.7,8.5,-4,-9,946,1,1
734562,0.8,4.7,8.3,-1,-5,945,1,1
734582,0.8,4.7,8.6,0,0,947,1,1
734602,0.8,4.8,8.6,0,0,945,1,1
734622,0.8,4.8,8.6,0,0,946,1,1
734642,0.8,4.8,8.6,0,0,945,1,1
734662,0.8,4.8,8.6,0,0,947,1,1
734682,0.8,4.8,8.6,0,0,946,1,1
734702,0.8,4.8,8.6,0,0,945,1,1
734722,0.8,4.8,8.6,0,0,943,1,1
734742,0.8,4.8,8.6,0,0,945,1,1
734762,0.8,4.8,8.6,0,0,945,1,1
734782,0.8,4.8,8.6,0,0,946,1,1
734802,0.8,4.8,8.6,0,0,944,1,1
734822,0.8,4.7,8.6,0,0,944,1,1
734842,0.8,4.8,8.6,0,0,949,1,1
734862,0.8,4.8,8.6,0,0,946,1,1
734882,0.8,4.8,8.6,0,0,945,1,1
734902,0.8,4.8,8.6,0,0,946,1,1
734922,0.8,4.8,8.6,0,0,946,1,1
734942,0.8,4.8,8.6,0,0,944,1,1
734962,0.8,4.8,8.6,0,0,946,1,1
734982,0.8,4.8,8.6,0,0,945,1,1
735002,0.8,4.8,8.6,0,0,947,1,1
735022,0.8,4.8,8.6,0,0,943,1,1
735042,0.8,4.8,8.6,0,0,943,1,1
735062,0.8,4.8,8.6,0,0,944,1,1
735082,0.8,4.8,8.6,0,0,946,1,1
735102,0.8,4.8,8.6,0,0,949,1,1
735122,0.8,4.8,8.6,0,0,946,1,1
735142,0.8,4.7,8.6,0,0,947,1,1
735162,0.8,4.8,8.6,0,0,946,1,1
735182,0.8,4.8,8.6,0,0,947,1,1
735202,0.8,4.8,8.6,0,0,946,1,1
735222,0.8,4.8,8.6,0,0,945,1,1
735242,0.8,4.8,8.6,0,0,945,1,1
735262,0.8,4.8,8.6,0,0,945,1,1
735282,0.8,4.8,8.6,0,0,944,1,1
735302,0.8,4.8,8.6,0,0,945,1,1
735322,0.8,4.8,8.6,0,0,945,1,1
735342,0.8,4.8,8.6,0,0,946,1,1
735362,0.8,4.8,8.6,0,0,950,1,1
735382,0.8,4.8,8.6,0,0,945,1,1
735402,0.8,4.7,8.6,0,0,947,1,1
735422,0.8,4.8,8.6,0,0,946,1,1
735442,0.8,4.8,8.6,0,0,944,1,1
735462,0.8,4.8,8.6,0,0,949,1,1
735482,0.8,4.8,8.6,0,0,947,1,1
735502,0.8,4.8,8.6,0,0,944,1,1
735522,0.8,4.7,8.6,0,0,946,1,1
735542,0.8,4.7,8.6,0,0,945,1,1
735562,0.9,4.9,8.5,0,0,945,1,1
735582,1.4,5.0,8.7,0,0,946,1,1
735602,0.9,4.8,8.7,0,0,945,1,1
735622,0.6,4.6,8.3,0,0,949,1,1
735642,0.9,4.8,8.7,0,0,948,1,1
735662,0.8,4.8,8.7,0,-9,947,1,1
735682,0.7,4.6,8.6,5,-10,947,1,1
735702,0.8,4.8,8.6,6,-10,943,1,1
735722,0.8,4.8,8.6,11,-9,946,1,1
735742,0.8,4.8,8.6,12,-8,945,1,1
735762,0.7,4.8,8.5,13,-2,944,1,1
735782,0.8,4.8,8.6,14,3,945,1,1
735802,0.8,4.8,8.6,14,5,945,1,1
735822,0.8,4.8,8.9,11,11,943,1,1
735842,0.7,5.1,9.4,10,15,946,1,1
735862,0.9,4.6,8.5,7,15,946,1,1
735882,1.1,4.8,8.9,9,12,947,1,1
735902,0.8,4.7,8.6,5,2,946,1,1
735922,0.9,4.8,8.7,11,-4,947,1,1
735942,0.9,4.7,8.8,5,-2,946,1,1
735962,1.2,4.9,8.0,1,12,946,1,1
735982,0.8,5.1,9.3,-5,21,947,1,1
736002,1.2,4.8,8.4,-13,18,944,1,1
736022,0.5,4.7,8.8,-23,10,946,1,1
736042,0.9,4.8,8.8,-22,0,947,1,1
736062,1.0,4.9,9.1,-20,-5,945,1,1
736082,0.8,4.8,8.7,-17,-13,943,1,1
736102,0.8,4.7,8.6,-12,-13,945,1,1
736122,0.8,4.8,8.6,-7,-11,945,1,1
736142,0.8,4.7,8.8,-3,-6,947,1,1
736162,0.8,4.7,8.3,0,0,946,1,1
736182,0.7,4.8,8.6,0,0,947,1,1
736202,0.8,4.8,8.6,0,0,918,1,1
736222,0.8,4.8,8.7,0,0,946,1,1
736242,0.8,4.8,8.6,0,0,947,1,1
736262,0.8,4.8,8.6,0,0,947,1,1
736282,0.8,4.8,8.6,0,0,945,1,1
736302,0.8,4.8,8.6,0,0,947,1,1
736322,0.8,4.8,8.6,0,0,946,1,1
736342,0.8,4.8,8.7,0,0,947,1,1
736362,0.8,4.8,8.6,0,0,951,1,1
736382,0.8,4.8,8.6,0,0,946,1,1
736402,0.8,4.8,8.6,0,0,947,1,1
736422,0.8,4.8,8.6,0,0,946,1,1
736442,0.8,4.8,8.6,0,0,949,1,1
736462,0.8,4.8,8.6,0,0,948,1,1
736482,0.8,4.8,8.6,0,0,946,1,1
736502,0.8,4.8,8.6,0,0,946,1,1
736522,0.8,4.8,8.6,0,0,946,1,1
736542,0.8,4.7,8.6,0,0,946,1,1
736562,0.8,4.7,8.6,0,0,944,1,1
736582,0.8,4.8,8.6,0,0,946,1,1
736602,0.8,4.8,8.6,0,0,946,1,1
736622,0.8,4.8,8.6,0,0,946,1,1
736642,0.8,4.8,8.6,0,0,944,1,1
736662,0.8,4.8,8.6,0,0,947,1,1
736682,0.8,4.8,8.6,0,0,945,1,1
736702,0.8,4.8,8.6,0,0,947,1,1
736722,0.8,4.8,8.6,0,0,946,1,1
736742,0.8,4.8,8.6,0,0,947,1,1
736762,0.8,4.8,8.6,0,0,946,1,1
736782,0.8,4.8,8.6,0,0,947,1,1
736802,0.8,4.8,8.6,0,0,948,1,1
736822,0.8,4.7,8.6,0,0,946,1,1
736842,0.8,4.7,8.6,0,0,949,1,1
736862,0.8,4.8,8.6,0,0,947,1,1
736882,0.8,4.8,8.6,0,0,948,1,1
736902,0.8,4.8,8.6,0,0,943,1,1
736922,0.8,4.8,8.6,0,0,944,1,1
736942,0.8,4.7,8.6,0,0,946,1,1
736962,0.8,4.8,8.6,0,0,948,1,1
736982,0.8,4.8,8.6,0,0,947,1,1
737002,0.8,4.8,8.6,0,0,947,1,1
737022,0.8,4.8,8.6,0,0,945,1,1
737042,0.8,4.8,8.6,0,0,945,1,1
737062,0.8,4.8,8.6,0,0,946,1,1
737082,0.8,4.8,8.6,0,0,946,1,1
737102,0.8,4.7,8.5,0,0,946,1,1
737122,0.7,5.1,8.8,0,0,947,1,1
737142,0.7,4.9,8.4,0,0,945,1,1
737162,0.6,4.5,8.3,0,0,944,1,1
737182,0.8,4.8,8.7,0,-9,944,1,1
737202,0.8,4.8,8.6,1,-11,944,1,1
737222,0.8,4.8,8.7,4,-7,944,1,1
737242,0.7,4.7,8.5,3,-3,947,1,1
737262,0.8,4.7,8.5,5,-2,944,1,1
737282,0.7,4.8,8.7,6,-2,945,1,1
737302,0.9,5.1,8.9,22,4,949,1,1
737322,0.9,4.5,8.6,23,13,944,1,1
737342,0.8,5.0,8.7,19,16,947,1,1
737362,1.0,5.0,8.8,14,17,947,1,1
737382,0.8,5.0,8.7,5,16,947,1,1
737402,0.8,4.6,8.3,7,10,945,1,1
737422,0.8,4.8,8.7,6,0,944,1,1
737442,0.9,4.8,8.7,14,-3,945,1,1
737462,0.8,4.8,7.4,2,-9,946,1,1
737482,0.8,4.7,8.4,3,4,946,1,1
737502,0.8,3.9,7.4,-7,7,945,1,1
737522,0.7,4.5,8.2,-16,14,945,1,1
737542,0.6,4.3,7.3,-23,10,945,1,1
737562,0.8,5.0,8.8,-24,3,946,1,1
737582,0.9,4.9,8.9,-20,-1,944,1,1
737602,0.9,4.9,8.6,-19,-4,945,1,1
737622,0.8,4.8,8.7,-15,-11,945,1,1
737642,0.8,4.7,8.6,-10,-15,944,1,1
737662,0.8,4.8,8.6,-3,-14,945,1,1
737682,0.8,4.9,8.9,0,-10,947,1,1
737702,0.7,4.7,9.1,2,-5,943,1,1
737722,0.8,4.8,8.7,0,0,942,1,1
737742,0.8,4.7,8.6,0,0,947,1,1
737762,0.8,4.7,8.6,0,0,946,1,1
737782,0.8,4.8,8.6,0,0,947,1,1
737802,0.8,4.8,8.6,0,0,946,1,1
737822,0.8,4.8,8.6,0,0,948,1,1
737842,0.8,4.8,8.6,0,0,947,1,1
737862,0.8,4.8,8.7,0,0,947,1,1
737882,0.8,4.8,8.6,0,0,945,1,1
737902,0.8,4.8,8.6,0,0,948,1,1
737922,0.8,4.8,8.6,0,0,944,1,1
737942,0.8,4.8,8.6,0,0,945,1,1
737962,0.8,4.8,8.6,0,0,946,1,1
737982,0.8,4.8,8.6,0,0,945,1,1
738002,0.8,4.8,8.6,0,0,946,1,1
738022,0.8,4.8,8.6,0,0,945,1,1
738042,0.8,4.8,8.6,0,0,949,1,1
738062,0.8,4.8,8.6,0,0,948,1,1
738082,0.8,4.8,8.6,0,0,947,1,1
738102,0.8,4.8,8.6,0,0,945,1,1
738122,0.8,4.8,8.6,0,0,946,1,1
738142,0.8,4.8,8.6,0,0,946,1,1
738162,0.8,4.8,8.6,0,0,947,1,1
738182,0.8,4.8,8.6,0,0,945,1,1
738202,0.8,4.7,8.6,0,0,946,1,1
738222,0.8,4.8,8.6,0,0,945,1,1
738242,0.8,4.7,8.6,0,0,943,1,1
738262,0.8,4.8,8.6,0,0,945,1,1
738282,0.8,4.8,8.6,0,0,944,1,1
738302,0.8,4.8,8.6,0,0,945,1,1
738322,0.8,4.8,8.6,0,0,947,1,1
738342,0.8,4.8,8.6,0,0,947,1,1
738362,0.8,4.8,8.6,0,0,946,1,1
738382,0.8,4.8,8.6,0,0,945,1,1
738402,0.8,4.8,8.6,0,0,947,1,1
738422,0.8,4.8,8.6,0,0,948,1,1
738442,0.8,4.8,8.6,0,0,948,1,1
738462,0.8,4.8,8.6,0,0,944,1,1
738482,0.8,4.8,8.6,0,0,946,1,1
738502,0.8,4.8,8.6,0,0,945,1,1
738522,0.8,4.8,8.6,0,0,944,1,1
738542,0.8,4.8,8.6,0,0,945,1,1
738562,0.8,4.8,8.6,0,0,945,1,1
738582,0.8,4.8,8.6,0,0,946,1,1
738602,0.8,4.8,8.6,0,0,948,1,1
738622,0.8,4.8,8.6,0,0,946,1,1
738642,0.8,4.8,8.6,0,0,946,1,1
738662,0.8,4.8,8.6,0,0,946,1,1
738682,0.8,4.8,8.6,0,0,945,1,1
738702,0.8,4.8,8.6,0,0,946,1,1
738722,0.8,4.8,8.6,0,0,947,1,1
738742,0.8,4.8,8.6,0,0,946,1,1
738762,0.8,4.7,8.6,0,0,945,1,1
738782,0.8,4.8,8.6,0,0,946,1,1
738802,0.8,4.8,8.6,0,0,944,1,1
738822,0.8,4.7,8.6,0,0,945,1,1
738842,0.8,4.8,8.9,0,0,946,1,1
738862,0.8,4.8,8.5,0,0,946,1,1
738882,1.2,4.9,8.9,0,0,948,1,1
738902,0.8,4.8,8.8,2,-12,945,1,1
738922,0.8,4.6,8.5,4,-10,945,1,1
738942,0.8,4.8,8.6,7,-7,946,1,1
738962,0.8,4.7,8.6,7,-3,946,1,1
738982,0.8,4.8,8.7,8,0,947,1,1
739002,0.8,4.8,8.7,8,0,946,1,1
739022,0.8,4.8,8.7,15,5,946,1,1
739042,0.9,3.8,8.7,18,17,947,1,1
739062,0.6,4.8,9.6,18,23,946,1,1
739082,0.7,3.7,9.4,12,18,943,1,1
739102,0.9,4.8,8.6,11,8,945,1,1
739122,0.8,4.7,8.6,9,0,946,1,1
739142,0.9,4.7,8.7,8,-4,945,1,1
739162,0.8,4.6,8.5,8,-5,948,1,1
739182,0.9,4.7,8.7,0,-5,947,1,1
739202,0.8,4.7,8.5,2,-5,948,1,1
739222,0.7,4.2,8.5,-5,19,946,1,1
739242,0.8,4.7,8.1,-16,24,947,1,1
739262,0.7,4.6,8.1,-21,13,946,1,1
739282,0.9,4.8,8.8,-22,1,945,1,1
739302,0.8,4.8,8.6,-20,-2,946,1,1
739322,0.8,4.8,8.7,-18,-5,948,1,1
739342,0.7,4.6,8.5,-15,-9,947,1,1
739362,0.8,4.8,8.9,-11,-12,943,1,1
739382,0.9,5.0,9.0,-6,-11,944,1,1
739402,0.7,4.6,8.2,-1,-6,944,1,1
739422,0.8,4.8,8.6,0,0,943,1,1
739442,0.8,4.8,8.6,0,0,947,1,1
739462,0.8,4.8,8.6,0,0,948,1,1
739482,0.8,4.8,8.6,0,0,947,1,1
739502,0.8,4.8,8.6,0,0,947,1,1
739522,0.8,4.8,8.6,0,0,944,1,1
739542,0.8,4.8,8.6,0,0,947,1,1
739562,0.8,4.7,8.6,0,0,945,1,1
739582,0.8,4.8,8.6,0,0,947,1,1
739602,0.8,4.8,8.6,0,0,946,1,1
739622,0.8,4.8,8.7,0,0,945,1,1
739642,0.8,4.8,8.6,0,0,944,1,1
739662,0.8,4.8,8.6,0,0,944,1,1
739682,0.8,4.8,8.6,0,0,946,1,1
739702,0.8,4.8,8.6,0,0,948,1,1
739722,0.8,4.8,8.6,0,0,947,1,1
739742,0.8,4.8,8.6,0,0,946,1,1
739762,0.8,4.8,8.6,0,0,946,1,1
739782,0.8,4.8,8.6,0,0,944,1,1
739802,0.8,4.8,8.6,0,0,946,1,1
739822,0.8,4.8,8.6,0,0,948,1,1
739842,0.8,4.8,8.6,0,0,947,1,1
739862,0.8,4.8,8.6,0,0,945,1,1
739882,0.8,4.8,8.6,0,0,946,1,1
739902,0.8,4.8,8.6,0,0,946,1,1
739922,0.8,4.8,8.6,0,0,944,1,1
739942,0.8,4.8,8.6,0,0,946,1,1
739962,0.8,4.8,8.6,0,0,946,1,1
739982,0.8,4.8,8.6,0,0,947,1,1
740002,0.8,4.8,8.6,0,0,945,1,1
740022,0.8,4.8,8.6,0,0,947,1,1
740042,0.8,4.8,8.6,0,0,944,1,1
740062,0.8,4.8,8.6,0,0,946,1,1
740082,0.8,4.8,8.6,0,0,946,1,1
740102,0.8,4.8,8.6,0,0,945,1,1
740122,0.8,4.8,8.6,0,0,945,1,1
740142,0.8,4.8,8.6,0,0,945,1,1
740162,0.8,4.8,8.6,0,0,944,1,1
740182,0.8,4.8,8.6,0,0,945,1,1
740202,0.8,4.7,8.6,0,0,945,1,1
740222,0.8,4.8,8.6,0,0,945,1,1
740242,0.8,4.8,8.6,0,0,948,1,1
740262,0.8,4.8,8.6,0,0,944,1,1
740282,0.8,4.8,8.6,0,0,946,1,1
740302,0.8,4.8,8.6,0,0,946,1,1
740322,0.8,4.8,8.6,0,0,947,1,1
740342,0.8,4.8,8.7,0,0,947,1,1
740362,0.8,4.8,8.6,0,0,946,1,1
740382,0.8,4.8,8.6,0,0,946,1,1
740402,0.8,4.8,8.6,0,0,945,1,1
740422,0.8,4.8,8.6,0,0,946,1,1
740442,0.8,4.8,8.6,0,0,944,1,1
740462,0.8,4.8,8.6,0,0,945,1,1
740482,0.8,4.8,8.6,0,0,946,1,1
740502,0.8,4.8,8.6,0,0,947,1,1
740522,0.8,4.8,8.6,0,0,948,1,1
740542,0.8,4.8,8.6,0,0,946,1,1
740562,0.8,4.8,8.6,0,0,945,1,1
740582,0.8,4.8,8.6,0,0,945,1,1
740602,0.8,4.7,8.3,0,0,948,1,1
740622,0.9,4.7,8.7,0,0,945,1,1
740642,0.7,4.8,8.3,0,0,947,1,1
740662,0.8,4.8,8.7,0,0,947,1,1
740682,0.8,4.7,8.6,0,0,947,1,1
740702,0.8,4.7,8.5,1,-6,943,1,1
740722,0.8,4.8,8.6,6,-9,945,1,1
740742,0.6,5.0,8.7,10,-9,946,1,1
740762,0.8,4.8,8.5,16,-7,946,1,1
740782,0.8,4.7,8.6,16,-4,947,1,1
740802,0.8,4.8,8.7,16,0,946,1,1
740822,0.8,4.9,8.5,14,2,945,1,1
740842,0.8,5.0,9.0,14,7,946,1,1
740862,0.8,4.7,8.4,9,9,948,1,1
740882,0.8,4.7,8.5,7,11,946,1,1
740902,0.9,4.8,8.9,8,15,947,1,1
740922,1.0,4.8,8.7,9,4,947,1,1
740942,0.9,4.8,8.7,19,-4,945,1,1
740962,1.2,5.2,9.3,10,-3,943,1,1
740982,0.5,4.3,7.4,4,1,944,1,1
741002,0.8,4.6,8.9,-3,14,945,1,1
741022,1.7,5.9,9.8,-8,19,944,1,1
741042,0.8,4.6,8.4,-13,14,947,1,1
741062,0.8,4.9,8.8,-18,9,945,1,1
741082,0.6,4.5,8.2,-18,0,943,1,1
741102,0.7,4.7,8.5,-17,-6,947,1,1
741122,0.8,4.7,8.5,-17,-6,948,1,1
741142,0.8,4.9,8.7,-14,-4,946,1,1
741162,0.8,4.8,8.5,0,0,945,1,1
741182,0.8,4.8,8.6,0,0,946,1,1
741202,0.8,4.8,8.6,0,0,946,1,1
741222,0.8,4.8,8.6,0,0,943,1,1
741242,0.8,4.8,8.6,0,0,944,1,1
741262,0.8,4.8,8.6,0,0,946,1,1
741282,0.8,4.8,8.6,0,0,947,1,1
741302,0.8,4.8,8.6,0,0,947,1,1
741322,0.8,4.8,8.6,0,0,945,1,1
741342,0.8,4.8,8.6,0,0,945,1,1
741362,0.8,4.8,8.6,0,0,945,1,1
741382,0.8,4.8,8.6,0,0,945,1,1
741402,0.8,4.8,8.6,0,0,946,1,1
741422,0.8,4.8,8.6,0,0,946,1,1
741442,0.8,4.8,8.6,0,0,947,1,1
741462,0.8,4.8,8.6,0,0,945,1,1
741482,0.8,4.8,8.6,0,0,945,1,1
741502,0.8,4.8,8.6,0,0,944,1,1
741522,0.7,4.8,8.6,0,0,944,1,1
741542,0.8,4.8,8.6,0,0,945,1,1
741562,0.8,4.8,8.6,0,0,946,1,1
741582,0.8,4.7,8.6,0,0,946,1,1
741602,0.8,4.8,8.6,0,0,948,1,1
741622,0.8,4.8,8.6,0,0,946,1,1
741642,0.8,4.8,8.6,0,0,944,1,1
741662,0.8,4.8,8.6,0,0,946,1,1
741682,0.8,4.8,8.6,0,0,946,1,1
741702,0.8,4.8,8.6,0,0,947,1,1
741722,0.8,4.8,8.6,0,0,945,1,1
741742,0.8,4.8,8.6,0,0,944,1,1
741762,0.8,4.8,8.6,0,0,947,1,1
741782,0.8,4.8,8.6,0,0,946,1,1
741802,0.8,4.8,8.6,0,0,946,1,1
741822,0.8,4.8,8.6,0,0,947,1,1
741842,0.8,4.8,8.6,0,0,945,1,1
741862,0.8,4.8,8.6,0,0,945,1,1
741882,0.8,4.8,8.6,0,0,946,1,1
741902,0.8,4.8,8.6,0,0,947,1,1
741922,0.8,4.8,8.6,0,0,946,1,1
741942,0.8,4.8,8.6,0,0,945,1,1
741962,0.8,4.8,8.6,0,0,945,1,1
741982,0.8,4.8,8.6,0,0,946,1,1
742002,0.8,4.8,8.6,0,0,943,1,1
742022,0.8,4.8,8.6,0,0,944,1,1
742042,0.8,4.8,8.6,0,0,946,1,1
742062,0.8,4.8,8.6,0,0,946,1,1
742082,0.8,4.8,8.4,0,0,948,1,1
742102,0.9,5.1,9.4,0,0,945,1,1
742122,0.6,4.5,8.4,0,0,945,1,1
742142,0.7,4.8,8.7,0,0,947,1,1
742162,0.8,4.8,8.6,0,0,946,1,1
742182,0.8,4.8,8.7,-1,-13,925,1,1
742202,0.8,4.9,8.7,3,-11,945,1,1
742222,0.8,4.8,8.6,8,-8,946,1,1
742242,0.8,4.8,8.6,7,-10,945,1,1
742262,0.8,4.8,8.7,10,-7,944,1,1
742282,0.8,4.8,8.8,8,-4,946,1,1
742302,0.8,4.8,8.8,2,-2,946,1,1
742322,0.8,4.8,8.6,10,-1,947,1,1
742342,0.8,4.8,8.6,16,-1,947,1,1
742362,0.8,4.8,8.6,12,12,946,1,1
742382,0.9,4.8,8.8,10,33,945,1,1
742402,0.8,4.8,8.7,12,13,945,1,1
742422,0.8,4.7,8.5,23,-1,945,1,1
742442,0.8,4.7,8.6,5,-5,945,1,1
742462,0.8,4.8,8.6,14,-5,946,1,1
742482,0.8,4.8,8.7,-5,-9,945,1,1
742502,0.9,4.8,8.8,3,27,946,1,1
742522,0.7,4.7,8.8,-17,30,946,1,1
742542,0.8,4.9,8.5,-27,15,942,1,1
742562,0.9,4.9,8.7,-22,4,946,1,1
742582,0.8,4.8,8.6,-20,0,945,1,1
742602,0.8,4.8,8.6,-13,-10,946,1,1
742622,0.8,4.8,8.7,-5,-18,948,1,1
742642,0.7,4.7,8.4,0,-12,945,1,1
742662,0.8,4.8,8.6,0,0,945,1,1
742682,0.8,4.8,8.6,0,0,945,1,1
742702,0.8,4.8,8.6,0,0,946,1,1
742722,0.8,4.7,8.6,0,0,948,1,1
742742,0.8,4.8,8.6,0,0,947,1,1
742762,0.8,4.8,8.6,0,0,947,1,1
742782,0.8,4.8,8.6,0,0,946,1,1
742802,0.8,4.8,8.6,0,0,943,1,1
742822,0.7,4.8,8.6,0,0,946,1,1
742842,0.8,4.8,8.6,0,0,947,1,1
742862,0.8,4.8,8.6,0,0,945,1,1
742882,0.8,4.8,8.6,0,0,947,1,1
742902,0.8,4.8,8.6,0,0,947,1,1
742922,0.8,4.8,8.6,0,0,946,1,1
742942,0.8,4.8,8.6,0,0,946,1,1
742962,0.8,4.8,8.6,0,0,940,1,1
742982,0.8,4.8,8.6,0,0,944,1,1
743002,0.8,4.8,8.6,0,0,946,1,1
743022,0.8,4.8,8.6,0,0,945,1,1
743042,0.8,4.8,8.6,0,0,945,1,1
743062,0.8,4.8,8.6,0,0,945,1,1
743082,0.8,4.8,8.6,0,0,943,1,1
743102,0.8,4.8,8.6,0,0,945,1,1
743122,0.8,4.8,8.6,0,0,947,1,1
743142,0.8,4.8,8.6,0,0,946,1,1
743162,0.7,4.8,8.6,0,0,947,1,1
743182,0.8,4.8,8.6,0,0,947,1,1
743202,0.8,4.8,8.6,0,0,945,1,1
743222,0.8,4.8,8.6,0,0,946,1,1
743242,0.8,4.8,8.6,0,0,947,1,1
743262,0.8,4.8,8.6,0,0,945,1,1
743282,0.8,4.8,8.6,0,0,946,1,1
743302,0.8,4.7,8.6,0,0,947,1,1
743322,0.8,4.8,8.6,0,0,945,1,1
743342,0.8,4.8,8.6,0,0,944,1,1
743362,0.8,4.8,8.6,0,0,943,1,1
743382,0.8,4.8,8.6,0,0,946,1,1
743402,0.8,4.7,8.6,0,0,946,1,1
743422,0.8,4.8,8.6,0,0,948,1,1
743442,0.8,4.8,8.6,0,0,948,1,1
743462,0.8,4.8,8.6,0,0,947,1,1
743482,0.8,4.8,8.6,0,0,946,1,1
743502,0.8,4.8,8.6,0,0,947,1,1
743522,0.8,4.8,8.6,0,0,946,1,1
743542,0.8,4.8,8.6,0,0,945,1,1
743562,0.8,4.8,8.6,0,0,946,1,1
743582,0.8,4.8,8.6,0,0,946,1,1
743602,0.8,4.8,8.6,0,0,947,1,1
743622,0.8,4.8,8.6,0,0,944,1,1
743642,0.8,4.8,8.6,0,0,947,1,1
743662,0.8,4.8,8.6,0,0,945,1,1
743682,0.8,4.9,8.6,0,0,949,1,1
743702,0.9,4.7,8.8,0,0,946,1,1
743722,0.8,4.9,9.1,0,0,947,1,1
743742,0.9,4.9,8.6,0,0,946,1,1
743762,0.8,4.7,8.7,0,0,947,1,1
743782,0.9,4.9,8.7,-2,-8,946,1,1
743802,0.8,4.8,8.6,1,-12,945,1,1
743822,0.8,4.8,8.6,7,-11,944,1,1
743842,0.9,4.7,8.3,8,-10,945,1,1
743862,0.7,4.9,8.6,12,-6,945,1,1
743882,0.8,4.8,8.6,14,-2,946,1,1
743902,0.9,4.9,8.6,20,4,946,1,1
743922,0.9,4.9,8.6,17,10,946,1,1
743942,0.9,5.0,9.7,15,13,946,1,1
743962,0.7,4.7,8.7,8,13,946,1,1
743982,0.8,4.8,8.2,4,6,945,1,1
744002,0.8,4.9,8.7,4,0,945,1,1
744022,1.0,4.9,8.9,17,-2,945,1,1
744042,0.2,4.5,7.7,12,-5,947,1,1
744062,0.5,4.4,7.8,7,-5,944,1,1
744082,0.9,4.6,8.4,1,7,945,1,1
744102,0.8,3.5,6.9,-4,17,945,1,1
744122,1.4,5.1,8.8,-6,21,945,1,1
744142,0.9,4.9,8.7,-16,14,944,1,1
744162,0.8,4.8,8.6,-19,4,944,1,1
744182,0.7,4.7,8.5,-22,-3,947,1,1
744202,0.7,4.9,8.6,-20,-8,948,1,1
744222,0.8,4.9,8.9,-15,-9,946,1,1
744242,0.8,4.9,8.8,0,0,945,1,1
744262,0.8,4.8,8.6,0,0,945,1,1
744282,0.8,4.8,8.6,0,0,944,1,1
744302,0.8,4.8,8.6,0,0,945,1,1
744322,0.8,4.8,8.6,0,0,944,1,1
744342,0.8,4.8,8.6,0,0,945,1,1
744362,0.8,4.8,8.6,0,0,948,1,1
744382,0.8,4.8,8.6,0,0,947,1,1
744402,0.8,4.8,8.6,0,0,943,1,1
744422,0.8,4.8,8.6,0,0,945,1,1
744442,0.8,4.8,8.6,0,0,946,1,1
744462,0.8,4.8,8.6,0,0,946,1,1
744482,0.8,4.8,8.6,0,0,946,1,1
744502,0.8,4.8,8.6,0,0,945,1,1
744522,0.8,4.8,8.6,0,0,946,1,1
744542,0.8,4.8,8.6,0,0,945,1,1
744562,0.8,4.8,8.6,0,0,947,1,1
744582,0.8,4.8,8.6,0,0,945,1,1
744602,0.8,4.8,8.6,0,0,947,1,1
744622,0.8,4.8,8.6,0,0,946,1,1
744642,0.8,4.8,8.6,0,0,947,1,1
744662,0.8,4.8,8.6,0,0,941,1,1
744682,0.8,4.8,8.6,0,0,945,1,1
744702,0.8,4.8,8.6,0,0,947,1,1
744722,0.8,4.8,8.6,0,0,943,1,1
744742,0.8,4.8,8.6,0,0,948,1,1
744762,0.8,4.8,8.6,0,0,944,1,1
744782,0.8,4.8,8.6,0,0,945,1,1
744802,0.8,4.8,8.6,0,0,944,1,1
744822,0.8,4.8,8.6,0,0,946,1,1
744842,0.8,4.8,8.6,0,0,955,1,1
744862,0.8,4.8,8.6,0,0,948,1,1
744882,0.8,4.8,8.6,0,0,946,1,1
744902,0.8,4.8,8.6,0,0,946,1,1
744922,0.8,4.8,8.6,0,0,941,1,1
744942,0.8,4.8,8.6,0,0,946,1,1
744962,0.8,4.7,8.6,0,0,946,1,1
744982,0.8,4.8,8.6,0,0,945,1,1
745002,0.8,4.8,8.6,0,0,950,1,1
745022,0.8,4.8,8.6,0,0,946,1,1
745042,0.8,4.8,8.6,0,0,945,1,1
745062,0.8,4.8,8.6,0,0,946,1,1
745082,0.8,4.8,8.6,0,0,947,1,1
745102,0.8,4.8,8.6,0,0,945,1,1
745122,0.8,4.8,8.6,0,0,946,1,1
745142,0.8,4.8,8.6,0,0,946,1,1
745162,0.8,4.8,8.6,0,0,945,1,1
745182,0.8,4.8,8.6,0,0,946,1,1
745202,0.8,4.8,8.6,0,0,943,1,1
745222,0.8,4.8,8.6,0,0,944,1,1
745242,0.8,4.8,8.6,0,0,944,1,1
745262,0.8,4.8,8.6,0,0,947,1,1
745282,0.8,4.8,8.6,0,0,948,1,1
745302,0.8,4.8,8.6,0,0,946,1,1
745322,0.8,4.8,8.6,0,0,946,1,1
745342,0.8,4.8,8.6,0,0,947,1,1
745362,0.8,4.8,8.6,0,0,947,1,1
745382,0.9,4.7,9.1,0,0,946,1,1
745402,0.9,4.6,8.7,0,0,945,1,1
745422,0.8,4.7,8.6,0,0,945,1,1
745442,0.7,4.6,8.6,0,0,946,1,1
745462,0.8,4.8,8.6,-5,-8,945,1,1
745482,0.8,4.7,8.7,0,-11,950,1,1
745502,0.8,4.7,8.6,4,-17,947,1,1
745522,0.8,4.8,8.6,7,-13,947,1,1
745542,0.8,4.9,8.8,6,-11,948,1,1
745562,0.8,4.8,8.7,9,-6,948,1,1
745582,0.8,4.8,8.6,6,-5,946,1,1
745602,0.8,4.8,8.6,19,-2,945,1,1
745622,0.8,4.8,8.7,24,1,945,1,1
745642,0.7,4.7,8.8,20,11,946,1,1
745662,1.0,5.0,8.7,13,9,944,1,1
745682,0.8,4.8,8.7,6,15,945,1,1
745702,0.7,4.7,8.3,8,9,944,1,1
745722,0.9,4.8,8.6,7,0,946,1,1
745742,0.8,4.7,9.2,10,3,943,1,1
745762,0.8,4.9,8.8,1,7,945,1,1
745782,1.1,4.9,8.6,-1,14,945,1,1
745802,-1.9,5.0,10.2,-15,12,945,1,1
745822,0.8,4.6,8.1,-24,7,948,1,1
745842,0.9,4.8,8.8,-24,3,946,1,1
745862,0.9,4.8,8.7,-20,-1,947,1,1
745882,0.8,4.8,8.6,-16,-3,946,1,1
745902,0.8,4.8,8.7,-12,-4,946,1,1
745922,0.8,4.8,8.7,-8,-4,943,1,1
745942,0.9,4.8,8.6,0,0,943,1,1
745962,0.8,4.8,8.7,0,0,946,1,1
745982,0.8,4.8,8.6,0,0,945,1,1
746002,0.8,4.8,8.6,0,0,943,1,1
746022,0.8,4.8,8.6,0,0,944,1,1
746042,0.8,4.8,8.6,0,0,944,1,1
746062,0.8,4.8,8.6,0,0,944,1,1
746082,0.8,4.8,8.6,0,0,950,1,1
746102,0.8,4.8,8.6,0,0,947,1,1
746122,0.8,4.8,8.6,0,0,946,1,1
746142,0.8,4.8,8.6,0,0,947,1,1
746162,0.8,4.8,8.6,0,0,948,1,1
746182,0.8,4.8,8.6,0,0,946,1,1
746202,0.8,4.8,8.6,0,0,944,1,1
746222,0.8,4.8,8.6,0,0,945,1,1
746242,0.8,4.8,8.6,0,0,944,1,1
746262,0.8,4.8,8.6,0,0,945,1,1
746282,0.8,4.8,8.6,0,0,944,1,1
746302,0.8,4.8,8.6,0,0,945,1,1
746322,0.8,4.8,8.6,0,0,947,1,1
746342,0.8,4.8,8.6,0,0,950,1,1
746362,0.8,4.8,8.6,0,0,948,1,1
746382,0.8,4.8,8.6,0,0,946,1,1
746402,0.8,4.8,8.6,0,0,946,1,1
746422,0.8,4.8,8.6,0,0,947,1,1
746442,0.8,4.8,8.6,0,0,948,1,1
746462,0.8,4.8,8.6,0,0,944,1,1
746482,0.8,4.8,8.6,0,0,945,1,1
746502,0.8,4.8,8.6,0,0,947,1,1
746522,0.8,4.8,8.6,0,0,947,1,1
746542,0.8,4.8,8.6,0,0,943,1,1
746562,0.8,4.8,8.6,0,0,944,1,1
746582,0.8,4.8,8.6,0,0,945,1,1
746602,0.8,4.8,8.6,0,0,944,1,1
746622,0.8,4.8,8.6,0,0,947,1,1
746642,0.8,4.8,8.6,0,0,948,1,1
746662,0.8,4.8,8.6,0,0,945,1,1
746682,0.8,4.8,8.6,0,0,947,1,1
746702,0.8,4.8,8.6,0,0,948,1,1
746722,0.8,4.8,8.6,0,0,943,1,1
746742,0.8,4.8,8.6,0,0,945,1,1
746762,0.8,4.8,8.6,0,0,947,1,1
746782,0.8,4.8,8.6,0,0,945,1,1
746802,0.8,4.8,8.6,0,0,946,1,1
746822,0.8,4.8,8.6,0,0,942,1,1
746842,0.8,4.8,8.6,0,0,948,1,1
746862,0.8,4.8,8.6,0,0,945,1,1
746882,0.8,4.8,8.6,0,0,947,1,1
746902,0.8,4.8,8.6,0,0,948,1,1
746922,0.8,4.8,8.6,0,0,944,1,1
746942,0.8,4.8,8.6,0,0,946,1,1
746962,0.8,4.8,8.6,0,0,945,1,1
746982,0.8,4.8,8.6,0,0,947,1,1
747002,0.8,4.8,8.6,0,0,945,1,1
747022,0.8,4.8,8.6,0,0,946,1,1
747042,0.8,4.8,8.6,0,0,920,1,1
747062,0.8,4.5,8.0,0,0,946,1,1
747082,0.6,4.7,8.7,0,0,943,1,1
747102,0.8,4.9,8.7,0,0,946,1,1
747122,0.8,4.8,8.7,0,0,944,1,1
747142,0.8,4.8,8.6,0,0,944,1,1
747162,0.8,5.0,8.8,3,-15,946,1,1
747182,0.8,4.8,8.7,8,-16,947,1,1
747202,0.8,4.8,8.6,9,-14,944,1,1
747222,0.9,4.9,8.4,8,-11,944,1,1
747242,1.0,4.9,8.6,9,-6,946,1,1
747262,0.8,4.8,8.3,3,0,945,1,1
747282,0.6,4.7,8.5,17,7,944,1,1
747302,0.6,4.7,8.7,20,14,947,1,1
747322,0.9,5.3,9.1,17,16,944,1,1
747342,0.9,5.0,8.9,9,12,943,1,1
747362,0.8,4.7,8.4,7,0,945,1,1
747382,0.8,4.8,8.7,0,0,947,1,1
747402,0.9,4.8,8.7,0,0,946,1,1
747422,0.6,4.6,7.3,0,0,948,1,1
747442,0.7,4.4,8.6,0,0,945,1,1
747462,0.8,5.2,10.1,0,0,946,1,1
747482,0.9,5.0,9.0,-17,10,944,1,1
747502,0.8,4.9,8.8,-22,0,944,1,1
747522,0.8,4.8,8.6,-19,-2,945,1,1
747542,0.8,4.8,8.6,-18,-6,946,1,1
747562,0.8,4.8,8.7,-14,-7,945,1,1
747582,0.8,4.8,8.7,-11,-6,945,1,1
747602,0.9,4.9,8.8,0,0,944,1,1
747622,0.8,4.8,8.6,0,0,944,1,1
747642,0.8,4.8,8.6,0,0,948,1,1
747662,0.8,4.8,8.6,0,0,943,1,1
747682,0.8,4.8,8.6,0,0,944,1,1
747702,0.8,4.8,8.6,0,0,946,1,1
747722,0.8,4.8,8.6,0,0,947,1,1
747742,0.8,4.7,8.6,0,0,945,1,1
747762,0.8,4.7,8.6,0,0,944,1,1
747782,0.8,4.8,8.6,0,0,944,1,1
747802,0.8,4.8,8.6,0,0,945,1,1
747822,0.8,4.8,8.6,0,0,944,1,1
747842,0.8,4.8,8.6,0,0,946,1,1
747862,0.8,4.8,8.6,0,0,944,1,1
747882,0.8,4.8,8.6,0,0,943,1,1
747902,0.8,4.8,8.6,0,0,945,1,1
747922,0.8,4.8,8.6,0,0,947,1,1
747942,0.8,4.8,8.6,0,0,946,1,1
747962,0.8,4.8,8.6,0,0,947,1,1
747982,0.8,4.8,8.6,0,0,946,1,1
748002,0.8,4.8,8.6,0,0,946,1,1
748022,0.8,4.8,8.6,0,0,946,1,1
748042,0.8,4.8,8.6,0,0,945,1,1
748062,0.8,4.8,8.6,0,0,947,1,1
748082,0.8,4.8,8.6,0,0,946,1,1
748102,0.8,4.8,8.6,0,0,946,1,1
748122,0.8,4.8,8.6,0,0,947,1,1
748142,0.8,4.8,8.6,0,0,944,1,1
748162,0.8,4.8,8.6,0,0,943,1,1
748182,0.8,4.8,8.6,0,0,944,1,1
748202,0.8,4.8,8.6,0,0,946,1,1
748222,0.8,4.8,8.6,0,0,949,1,1
748242,0.8,4.8,8.6,0,0,946,1,1
748262,0.7,4.8,8.6,0,0,945,1,1
748282,0.8,4.8,8.6,0,0,945,1,1
748302,0.8,4.8,8.6,0,0,945,1,1
748322,0.8,4.8,8.6,0,0,946,1,1
748342,0.8,4.8,8.6,0,0,948,1,1
748362,0.8,4.8,8.6,0,0,945,1,1
748382,0.8,4.8,8.6,0,0,945,1,1
748402,0.8,4.8,8.6,0,0,945,1,1
748422,0.8,4.8,8.6,0,0,945,1,1
748442,0.8,4.8,8.6,0,0,947,1,1
748462,0.8,4.8,8.6,0,0,949,1,1
748482,0.8,4.8,8.6,0,0,944,1,1
748502,0.8,4.8,8.6,0,0,948,1,1
748522,0.8,4.8,8.6,0,0,945,1,1
748542,0.8,4.8,8.6,0,0,945,1,1
748562,0.8,4.8,8.6,0,0,947,1,1
748582,0.8,4.8,8.6,0,0,946,1,1
748602,0.8,4.8,8.6,0,0,946,1,1
748622,0.8,4.8,8.6,0,0,945,1,1
748642,0.8,4.8,8.6,0,0,945,1,1
748662,0.8,4.8,8.6,0,0,946,1,1
748682,1.1,5.4,9.7,0,0,944,1,1
748702,0.7,4.9,8.9,0,0,945,1,1
748722,0.7,4.8,8.7,0,0,946,1,1
748742,0.7,4.7,8.4,0,0,943,1,1
748762,0.8,4.8,8.5,3,-9,949,1,1
748782,0.8,4.8,9.0,1,-7,959,1,1
748802,0.8,4.7,8.5,5,-4,946,1,1
748822,0.8,4.8,8.6,4,-4,946,1,1
748842,0.8,4.8,8.7,23,0,947,1,1
748862,0.6,4.6,8.4,25,10,944,1,1
748882,0.9,5.0,8.7,18,18,945,1,1
748902,0.8,4.4,7.6,9,21,947,1,1
748922,0.8,4.5,8.8,23,13,945,1,1
748942,1.0,4.8,8.7,15,2,947,1,1
748962,0.8,4.7,8.5,11,-5,943,1,1
748982,0.7,4.6,8.3,11,-7,946,1,1
749002,0.9,4.7,8.5,1,-7,946,1,1
749022,0.8,4.7,8.6,-8,18,946,1,1
749042,3.5,5.1,8.7,-17,15,947,1,1
749062,0.6,4.5,8.2,-26,3,945,1,1
749082,0.8,5.0,8.8,-23,-4,945,1,1
749102,0.8,4.8,8.7,-20,-8,944,1,1
749122,0.8,4.8,8.7,-16,-11,945,1,1
749142,0.8,4.8,8.6,-10,-10,945,1,1
749162,0.9,4.6,8.3,-2,-4,945,1,1
749182,0.9,4.8,8.6,0,0,946,1,1
749202,0.8,4.8,8.6,0,0,947,1,1
749222,0.8,4.8,8.6,0,0,942,1,1
749242,0.7,4.8,8.6,0,0,944,1,1
749262,0.8,4.8,8.6,0,0,946,1,1
749282,0.8,4.8,8.6,0,0,945,1,1
749302,0.8,4.8,8.6,0,0,948,1,1
749322,0.8,4.8,8.6,0,0,945,1,1
749342,0.8,4.8,8.6,0,0,945,1,1
749362,0.8,4.8,8.6,0,0,944,1,1
749382,0.8,4.8,8.6,0,0,945,1,1
749402,0.8,4.8,8.6,0,0,944,1,1
749422,0.7,4.8,8.6,0,0,945,1,1
749442,0.8,4.8,8.6,0,0,947,1,1
749462,0.8,4.8,8.6,0,0,944,1,1
749482,0.8,4.8,8.6,0,0,946,1,1
749502,0.8,4.8,8.6,0,0,942,1,1
749522,0.8,4.8,8.6,0,0,944,1,1
749542,0.8,4.8,8.6,0,0,943,1,1
749562,0.8,4.8,8.6,0,0,947,1,1
749582,0.8,4.8,8.6,0,0,949,1,1
749602,0.8,4.8,8.6,0,0,947,1,1
749622,0.8,4.8,8.6,0,0,945,1,1
749642,0.8,4.8,8.6,0,0,947,1,1
749662,0.8,4.8,8.6,0,0,945,1,1
749682,0.8,4.8,8.6,0,0,945,1,1
749702,0.8,4.8,8.6,0,0,947,1,1
749722,0.8,4.8,8.6,0,0,946,1,1
749742,0.8,4.8,8.6,0,0,946,1,1
749762,0.7,4.8,8.6,0,0,945,1,1
749782,0.8,4.8,8.6,0,0,944,1,1
749802,0.8,4.8,8.6,0,0,945,1,1
749822,0.8,4.8,8.6,0,0,945,1,1
749842,0.8,4.8,8.6,0,0,950,1,1
749862,0.8,4.8,8.6,0,0,945,1,1
749882,0.8,4.8,8.6,0,0,948,1,1
749902,0.7,4.8,8.6,0,0,945,1,1
749922,0.8,4.8,8.6,0,0,946,1,1
749942,0.8,4.8,8.6,0,0,946,1,1
749962,0.8,4.8,8.6,0,0,946,1,1
749982,0.8,4.8,8.6,0,0,945,1,1
750002,0.8,4.8,8.6,0,0,944,1,1
750022,0.8,4.8,8.6,0,0,944,1,1
750042,0.8,4.8,8.6,0,0,945,1,1
750062,0.8,4.8,8.6,0,0,945,1,1
750082,0.8,4.8,8.6,0,0,944,1,1
750102,0.8,4.8,8.6,0,0,948,1,1
750122,0.8,4.8,8.6,0,0,947,1,1
750142,0.8,4.8,8.6,0,0,945,1,1
750162,0.8,4.8,8.6,0,0,946,1,1
750182,0.8,4.8,8.6,0,0,945,1,1
750202,0.8,4.8,8.6,0,0,947,1,1
750222,0.8,4.8,8.6,0,0,945,1,1
750242,0.8,4.8,8.6,0,0,947,1,1
750262,0.8,4.8,8.7,0,0,945,1,1
750282,0.8,4.8,8.6,0,0,948,1,1
750302,0.8,4.8,8.6,0,0,943,1,1
750322,0.8,4.8,8.6,0,0,944,1,1
750342,0.9,4.8,8.7,0,0,945,1,1
750362,0.8,4.7,8.6,0,0,946,1,1
750382,0.9,4.8,8.6,0,0,946,1,1
750402,1.0,5.0,8.9,0,0,943,1,1
750422,0.9,5.1,9.4,-9,-1,945,1,1
750442,0.5,4.6,8.4,-5,-11,945,1,1
750462,0.7,4.7,8.5,-1,-12,945,1,1
750482,0.8,4.7,8.6,2,-15,945,1,1
750502,0.7,4.7,8.4,7,-16,946,1,1
750522,0.8,4.8,8.6,9,-12,944,1,1
750542,0.8,4.8,8.6,11,-11,946,1,1
750562,0.7,4.8,8.7,11,-7,943,1,1
750582,0.7,4.8,8.7,11,-3,945,1,1
750602,0.8,4.8,8.6,14,1,948,1,1
750622,0.8,4.8,8.6,13,4,944,1,1
750642,0.8,4.7,8.6,13,5,947,1,1
750662,0.8,4.6,8.2,13,12,945,1,1
750682,0.6,3.9,8.7,10,15,944,1,1
750702,0.7,4.5,7.2,7,16,946,1,1
750722,0.8,4.7,8.8,9,11,947,1,1
750742,0.8,4.7,8.8,10,2,945,1,1
750762,0.9,4.8,8.8,12,0,944,1,1
750782,0.7,4.7,8.6,2,-3,946,1,1
750802,0.7,4.9,8.4,0,8,945,1,1
750822,0.6,3.7,6.8,-5,17,942,1,1
750842,0.1,3.9,7.3,-15,16,945,1,1
750862,-5.0,3.9,14.8,-23,7,946,1,1
750882,0.9,4.3,9.4,-23,1,945,1,1
750902,0.9,4.9,8.8,-17,-4,945,1,1
750922,0.8,4.8,8.6,-16,-6,946,1,1
750942,0.8,4.9,8.7,-15,-7,946,1,1
750962,0.8,4.9,8.7,-8,-6,944,1,1
750982,0.8,4.8,8.6,0,0,945,1,1
751002,0.8,4.8,8.6,0,0,946,1,1
751022,0.8,4.8,8.6,0,0,944,1,1
751042,0.7,4.8,8.6,0,0,945,1,1
751062,0.8,4.8,8.6,0,0,945,1,1
751082,0.8,4.8,8.6,0,0,945,1,1
751102,0.8,4.8,8.6,0,0,946,1,1
751122,0.8,4.8,8.6,0,0,947,1,1
751142,0.8,4.8,8.6,0,0,948,1,1
751162,0.8,4.8,8.6,0,0,946,1,1
751182,0.8,4.8,8.6,0,0,945,1,1
751202,0.8,4.8,8.6,0,0,945,1,1
751222,0.8,4.8,8.6,0,0,945,1,1
751242,0.8,4.8,8.6,0,0,945,1,1
751262,0.8,4.8,8.6,0,0,945,1,1
751282,0.8,4.8,8.6,0,0,946,1,1
751302,0.8,4.8,8.6,0,0,944,1,1
751322,0.8,4.8,8.6,0,0,943,1,1
751342,0.8,4.8,8.6,0,0,946,1,1
751362,0.7,4.8,8.6,0,0,947,1,1
751382,0.7,4.8,8.6,0,0,945,1,1
751402,0.8,4.8,8.6,0,0,948,1,1
751422,0.8,4.8,8.6,0,0,945,1,1
751442,0.8,4.8,8.6,0,0,946,1,1
751462,0.8,4.8,8.6,0,0,945,1,1
751482,0.8,4.8,8.6,0,0,948,1,1
751502,0.7,4.8,8.6,0,0,945,1,1
751522,0.7,4.8,8.6,0,0,947,1,1
751542,0.8,4.8,8.6,0,0,946,1,1
751562,0.8,4.8,8.6,0,0,945,1,1
751582,0.8,4.8,8.6,0,0,946,1,1
751602,0.8,4.8,8.6,0,0,943,1,1
751622,0.8,4.8,8.6,0,0,945,1,1
751642,0.8,4.8,8.6,0,0,944,1,1
751662,0.8,4.8,8.6,0,0,945,1,1
751682,0.8,4.8,8.6,0,0,948,1,1
751702,0.8,4.8,8.6,0,0,945,1,1
751722,0.8,4.8,8.6,0,0,946,1,1
751742,0.8,4.8,8.6,0,0,946,1,1
751762,0.8,4.8,8.6,0,0,947,1,1
751782,0.8,4.8,8.6,0,0,946,1,1
751802,0.8,4.8,8.6,0,0,945,1,1
751822,0.8,4.8,8.6,0,0,947,1,1
751842,0.7,4.8,8.6,0,0,947,1,1
751862,0.7,4.8,8.6,0,0,944,1,1
751882,0.8,4.8,8.6,0,0,945,1,1
751902,0.8,4.8,8.6,0,0,946,1,1
751922,0.8,4.8,8.6,0,0,946,1,1
751942,0.8,4.8,8.6,0,0,951,1,1
751962,0.8,4.8,8.6,0,0,947,1,1
751982,0.8,4.8,8.6,0,0,946,1,1
752002,0.8,4.8,8.6,0,0,947,1,1
752022,0.8,4.8,8.6,0,0,946,1,1
752042,0.7,4.8,8.6,0,0,945,1,1
752062,0.8,4.8,8.6,0,0,944,1,1
752082,0.8,4.8,8.6,0,0,946,1,1
752102,0.9,5.0,8.8,0,0,945,1,1
752122,0.7,4.7,8.6,0,0,943,1,1
752142,0.8,4.9,8.6,0,0,945,1,1
752162,0.8,4.8,8.5,0,-8,947,1,1
752182,0.7,4.8,8.6,3,-12,944,1,1
752202,0.7,4.7,8.6,7,-10,946,1,1
752222,0.5,4.6,8.8,9,-9,947,1,1
752242,0.8,4.9,8.6,12,-6,945,1,1
752262,0.8,4.8,8.6,11,-2,945,1,1
752282,0.7,4.8,9.0,7,0,947,1,1
752302,0.7,4.7,8.5,6,0,946,1,1
752322,0.7,4.8,8.7,4,1,944,1,1
752342,0.7,4.8,8.4,2,15,947,1,1
752362,0.7,4.8,8.8,0,22,945,1,1
752382,0.9,4.4,7.4,8,22,946,1,1
752402,1.0,4.8,8.8,33,9,943,1,1
752422,1.0,4.7,8.5,26,2,944,1,1
752442,1.2,4.8,8.8,20,0,946,1,1
752462,0.8,4.9,8.9,11,-3,945,1,1
752482,1.2,5.1,9.4,2,-8,947,1,1
752502,0.7,4.5,8.5,-4,-8,945,1,1
752522,1.3,4.4,8.2,-7,30,946,1,1
752542,5.1,5.9,3.9,-17,22,945,1,1
752562,1.2,4.5,7.2,-23,10,946,1,1
752582,0.8,4.7,8.4,-22,1,945,1,1
752602,0.9,4.9,8.6,-18,-7,947,1,1
752622,0.8,4.8,8.6,-15,-7,945,1,1
752642,0.8,4.8,8.6,-11,-11,946,1,1
752662,0.8,4.9,8.9,-7,-8,946,1,1
752682,0.7,4.8,8.6,0,0,944,1,1
752702,0.7,4.8,8.6,0,0,946,1,1
752722,0.8,4.8,8.6,0,0,946,1,1
752742,0.8,4.8,8.6,0,0,945,1,1
752762,0.8,4.8,8.6,0,0,946,1,1
752782,0.8,4.8,8.6,0,0,946,1,1
752802,0.8,4.8,8.6,0,0,945,1,1
752822,0.8,4.8,8.6,0,0,945,1,1
752842,0.7,4.8,8.6,0,0,946,1,1
752862,0.8,4.8,8.6,0,0,946,1,1
752882,0.8,4.8,8.6,0,0,945,1,1
752902,0.8,4.8,8.6,0,0,945,1,1
752922,0.8,4.8,8.6,0,0,945,1,1
752942,0.8,4.8,8.6,0,0,943,1,1
752962,0.8,4.8,8.6,0,0,945,1,1
752982,0.8,4.8,8.6,0,0,948,1,1
753002,0.8,4.8,8.6,0,0,948,1,1
753022,0.8,4.8,8.6,0,0,946,1,1
753042,0.8,4.8,8.6,0,0,945,1,1
753062,0.8,4.8,8.6,0,0,944,1,1
753082,0.8,4.8,8.6,0,0,947,1,1
753102,0.8,4.8,8.6,0,0,946,1,1
753122,0.8,4.8,8.6,0,0,945,1,1
753142,0.8,4.8,8.6,0,0,947,1,1
753162,0.8,4.8,8.6,0,0,946,1,1
753182,0.7,4.8,8.6,0,0,947,1,1
753202,0.8,4.8,8.6,0,0,943,1,1
753222,0.8,4.8,8.6,0,0,946,1,1
753242,0.8,4.8,8.6,0,0,946,1,1
753262,0.8,4.8,8.6,0,0,947,1,1
753282,0.8,4.8,8.6,0,0,946,1,1
753302,0.8,4.8,8.6,0,0,945,1,1
753322,0.8,4.8,8.6,0,0,946,1,1
753342,0.8,4.8,8.6,0,0,940,1,1
753362,0.8,4.8,8.6,0,0,946,1,1
753382,0.8,4.8,8.6,0,0,946,1,1
753402,0.8,4.8,8.6,0,0,946,1,1
753422,0.8,4.8,8.6,0,0,945,1,1
753442,0.8,4.8,8.6,0,0,946,1,1
753462,0.8,4.8,8.6,0,0,943,1,1
753482,0.8,4.8,8.6,0,0,944,1,1
753502,0.8,4.8,8.6,0,0,945,1,1
753522,0.8,4.8,8.6,0,0,945,1,1
753542,0.7,4.8,8.6,0,0,948,1,1
753562,0.7,4.8,8.6,0,0,945,1,1
753582,0.8,4.8,8.6,0,0,946,1,1
753602,0.8,4.8,8.6,0,0,946,1,1
753622,0.8,4.8,8.6,0,0,947,1,1
753642,0.8,4.8,8.6,0,0,945,1,1
753662,0.8,4.8,8.6,0,0,946,1,1
753682,0.8,4.8,8.6,0,0,945,1,1
753702,1.2,5.4,8.9,0,0,944,1,1
753722,0.2,4.2,7.6,0,0,944,1,1
753742,0.8,4.8,8.6,0,0,944,1,1
753762,0.8,4.8,8.7,0,0,947,1,1
753782,0.8,4.9,8.7,0,0,946,1,1
753802,0.9,4.8,8.6,-5,-8,948,1,1
753822,1.0,4.8,8.7,-1,-11,943,1,1
753842,0.8,4.7,8.6,3,-18,947,1,1
753862,0.7,4.8,8.6,5,-18,944,1,1
753882,0.7,4.8,8.5,7,-12,945,1,1
753902,0.7,4.7,8.6,4,-9,947,1,1
753922,0.9,4.6,8.6,6,-5,946,1,1
753942,0.8,4.9,8.7,5,0,945,1,1
753962,0.9,4.8,8.7,23,4,944,1,1
753982,0.8,4.7,8.6,25,13,943,1,1
754002,0.6,5.1,8.7,18,17,945,1,1
754022,0.9,4.6,8.5,12,13,946,1,1
754042,0.6,4.4,8.0,13,10,945,1,1
754062,0.8,4.9,9.1,8,1,947,1,1
754082,1.0,4.9,9.1,16,-4,946,1,1
754102,0.2,4.9,8.9,13,-4,948,1,1
754122,0.4,4.6,8.1,5,-2,946,1,1
754142,0.6,4.2,8.1,-2,19,946,1,1
754162,0.7,4.8,9.7,-8,22,945,1,1
754182,0.4,4.9,9.4,-17,17,946,1,1
754202,0.8,4.8,8.8,-22,5,946,1,1
754222,0.8,4.8,8.6,-22,-5,946,1,1
754242,0.8,4.8,8.8,-20,-9,944,1,1
754262,0.8,4.9,8.7,-17,-12,944,1,1
754282,0.8,4.9,8.5,-9,-12,946,1,1
754302,0.8,4.8,8.6,0,0,946,1,1
754322,0.8,4.8,8.7,0,0,947,1,1
754342,0.8,4.8,8.6,0,0,947,1,1
754362,0.8,4.8,8.6,0,0,946,1,1
754382,0.8,4.8,8.6,0,0,944,1,1
754402,0.8,4.8,8.6,0,0,946,1,1
754422,0.8,4.8,8.6,0,0,946,1,1
754442,0.8,4.7,8.6,0,0,945,1,1
754462,0.8,4.8,8.6,0,0,947,1,1
754482,0.8,4.8,8.6,0,0,945,1,1
754502,0.8,4.8,8.6,0,0,945,1,1
754522,0.8,4.8,8.6,0,0,945,1,1
754542,0.8,4.8,8.6,0,0,946,1,1
754562,0.8,4.8,8.6,0,0,944,1,1
754582,0.8,4.8,8.6,0,0,944,1,1
754602,0.8,4.8,8.6,0,0,947,1,1
754622,0.8,4.8,8.6,0,0,947,1,1
754642,0.8,4.8,8.6,0,0,947,1,1
754662,0.8,4.8,8.6,0,0,947,1,1
754682,0.8,4.8,8.6,0,0,946,1,1
754702,0.8,4.8,8.6,0,0,946,1,1
754722,0.8,4.8,8.6,0,0,947,1,1
754742,0.8,4.8,8.6,0,0,946,1,1
754762,0.8,4.8,8.6,0,0,946,1,1
754782,0.8,4.8,8.6,0,0,943,1,1
754802,0.8,4.8,8.6,0,0,945,1,1
754822,0.8,4.8,8.6,0,0,945,1,1
754842,0.8,4.8,8.6,0,0,945,1,1
754862,0.8,4.8,8.6,0,0,947,1,1
754882,0.8,4.8,8.6,0,0,945,1,1
754902,0.8,4.8,8.6,0,0,945,1,1
754922,0.8,4.8,8.6,0,0,948,1,1
754942,0.8,4.8,8.6,0,0,948,1,1
754962,0.8,4.8,8.6,0,0,944,1,1
754982,0.8,4.8,8.6,0,0,946,1,1
755002,0.8,4.8,8.6,0,0,946,1,1
755022,0.8,4.8,8.6,0,0,947,1,1
755042,0.8,4.8,8.6,0,0,944,1,1
755062,0.8,4.8,8.6,0,0,950,1,1
755082,0.8,4.8,8.6,0,0,945,1,1
755102,0.8,4.8,8.6,0,0,944,1,1
755122,0.8,4.8,8.6,0,0,949,1,1
755142,0.8,4.8,8.6,0,0,945,1,1
755162,0.8,4.8,8.6,0,0,945,1,1
755182,0.8,4.8,8.6,0,0,947,1,1
755202,0.8,4.8,8.6,0,0,945,1,1
755222,0.8,4.8,8.6,0,0,945,1,1
755242,0.8,4.8,8.6,0,0,945,1,1
755262,0.8,4.8,8.6,0,0,946,1,1
755282,0.9,5.0,8.8,0,0,946,1,1
755302,0.6,4.5,8.3,0,0,944,1,1
755322,0.8,4.8,8.6,0,0,945,1,1
755342,0.8,4.8,8.6,0,0,945,1,1
755362,0.8,4.8,8.4,0,0,944,1,1
755382,1.4,5.2,9.8,-8,-2,948,1,1
755402,0.8,4.6,9.0,-8,-5,947,1,1
755422,0.4,4.5,8.1,-7,-11,947,1,1
755442,0.8,4.9,8.8,-1,-10,946,1,1
755462,0.8,4.8,8.6,0,-14,944,1,1
755482,0.8,4.8,8.6,6,-14,946,1,1
755502,0.7,4.8,8.6,7,-12,945,1,1
755522,0.8,4.8,8.6,11,-11,948,1,1
755542,0.8,4.8,8.6,12,-10,946,1,1
755562,0.8,4.6,8.6,11,-4,943,1,1
755582,0.8,4.8,8.7,7,1,945,1,1
755602,0.8,4.8,8.6,5,12,945,1,1
755622,0.9,4.9,8.9,7,18,945,1,1
755642,0.2,2.8,7.5,14,25,947,1,1
755662,0.5,4.3,8.9,19,21,946,1,1
755682,0.1,4.3,7.5,19,15,947,1,1
755702,0.8,4.4,8.3,16,4,945,1,1
755722,0.9,4.7,8.3,8,-1,946,1,1
755742,0.7,4.6,8.4,1,-6,946,1,1
755762,0.8,4.8,8.5,5,1,945,1,1
755782,0.6,4.7,8.7,-9,9,945,1,1
755802,0.6,4.8,9.1,-17,9,946,1,1
755822,0.7,4.7,8.1,-24,-1,945,1,1
755842,0.8,4.9,9.0,-23,-5,945,1,1
755862,0.9,4.8,8.7,-19,-8,947,1,1
755882,0.8,4.8,8.7,-14,-7,943,1,1
755902,0.8,4.7,8.4,-6,-7,945,1,1
755922,0.8,4.8,8.6,0,0,947,1,1
755942,0.8,4.8,8.6,0,0,947,1,1
755962,0.8,4.8,8.6,0,0,947,1,1
755982,0.8,4.8,8.6,0,0,944,1,1
756002,0.8,4.8,8.6,0,0,945,1,1
756022,0.8,4.8,8.6,0,0,947,1,1
756042,0.8,4.8,8.6,0,0,946,1,1
756062,0.8,4.8,8.6,0,0,947,1,1
756082,0.8,4.8,8.6,0,0,944,1,1
756102,0.8,4.8,8.6,0,0,944,1,1
756122,0.8,4.8,8.6,0,0,946,1,1
756142,0.7,4.8,8.6,0,0,945,1,1
756162,0.7,4.8,8.6,0,0,945,1,1
756182,0.8,4.8,8.6,0,0,945,1,1
756202,0.8,4.8,8.6,0,0,945,1,1
756222,0.8,4.8,8.6,0,0,945,1,1
756242,0.8,4.8,8.6,0,0,947,1,1
756262,0.8,4.8,8.6,0,0,944,1,1
756282,0.7,4.8,8.6,0,0,947,1,1
756302,0.8,4.8,8.6,0,0,946,1,1
756322,0.7,4.8,8.6,0,0,950,1,1
756342,0.8,4.8,8.6,0,0,946,1,1
756362,0.8,4.8,8.6,0,0,941,1,1
756382,0.8,4.8,8.6,0,0,945,1,1
756402,0.8,4.8,8.6,0,0,946,1,1
756422,0.8,4.8,8.6,0,0,944,1,1
756442,0.8,4.8,8.6,0,0,948,1,1
756462,0.7,4.8,8.6,0,0,946,1,1
756482,0.8,4.8,8.6,0,0,933,1,1
756502,0.8,4.8,8.6,0,0,945,1,1
756522,0.8,4.8,8.6,0,0,945,1,1
756542,0.8,4.8,8.6,0,0,946,1,1
756562,0.8,4.8,8.6,0,0,945,1,1
756582,0.8,4.8,8.6,0,0,946,1,1
756602,0.8,4.8,8.6,0,0,946,1,1
756622,0.8,4.8,8.6,0,0,947,1,1
756642,0.7,4.8,8.6,0,0,943,1,1
756662,0.8,4.8,8.6,0,0,946,1,1
756682,0.8,4.8,8.6,0,0,947,1,1
756702,0.8,4.8,8.6,0,0,948,1,1
756722,0.8,4.8,8.6,0,0,947,1,1
756742,0.8,4.8,8.6,0,0,947,1,1
756762,0.8,4.8,8.6,0,0,944,1,1
756782,0.8,4.8,8.6,0,0,946,1,1
756802,0.8,4.8,8.6,0,0,946,1,1
756822,0.8,4.8,8.6,0,0,945,1,1
756842,0.8,4.8,8.6,0,0,947,1,1
756862,0.8,4.8,8.6,0,0,948,1,1
756882,0.8,4.8,8.6,0,0,946,1,1
756902,0.8,4.8,8.6,0,0,943,1,1
756922,0.8,4.8,8.6,0,0,946,1,1
756942,1.5,3.9,8.7,0,0,945,1,1
756962,0.4,4.4,8.3,0,0,945,1,1
756982,0.9,4.8,8.6,0,0,946,1,1
757002,0.8,4.9,8.7,0,0,946,1,1
757022,0.8,4.8,8.5,0,0,946,1,1
757042,0.7,4.7,8.3,-1,-7,948,1,1
757062,0.8,4.8,8.3,5,-19,945,1,1
757082,0.8,4.8,8.6,9,-18,948,1,1
757102,0.8,4.8,8.6,9,-14,948,1,1
757122,0.8,4.7,8.6,8,-11,945,1,1
757142,0.8,4.9,9.0,8,-6,947,1,1
757162,0.8,4.7,8.8,4,-2,945,1,1
757182,0.8,4.8,8.7,12,0,945,1,1
757202,1.0,4.9,8.6,19,3,946,1,1
757222,0.5,4.6,8.4,20,11,946,1,1
757242,0.9,4.9,8.6,14,16,947,1,1
757262,0.8,4.8,9.2,3,19,948,1,1
757282,0.8,4.8,8.7,1,10,946,1,1
757302,0.9,4.8,8.9,0,1,946,1,1
757322,0.8,4.8,8.7,11,0,946,1,1
757342,0.8,4.7,8.6,4,-5,947,1,1
757362,0.8,4.8,8.6,3,-6,945,1,1
757382,0.8,4.7,8.6,2,12,945,1,1
757402,0.7,4.8,8.8,-12,18,945,1,1
757422,0.8,4.7,8.5,-20,18,945,1,1
757442,0.7,4.7,8.8,-21,6,945,1,1
757462,0.9,4.9,8.7,-18,-3,946,1,1
757482,0.8,4.8,8.7,-12,-3,946,1,1
757502,0.8,4.7,8.6,-5,-2,948,1,1
757522,0.8,4.8,8.6,0,0,947,1,1
757542,0.8,4.8,8.6,0,0,945,1,1
757562,0.8,4.8,8.6,0,0,946,1,1
757582,0.8,4.8,8.6,0,0,945,1,1
757602,0.7,4.8,8.6,0,0,945,1,1
757622,0.8,4.8,8.6,0,0,944,1,1
757642,0.8,4.8,8.6,0,0,945,1,1
757662,0.8,4.8,8.6,0,0,945,1,1
757682,0.8,4.8,8.6,0,0,946,1,1
757702,0.8,4.8,8.6,0,0,944,1,1
757722,0.8,4.8,8.6,0,0,945,1,1
757742,0.8,4.8,8.6,0,0,948,1,1
757762,0.8,4.8,8.6,0,0,946,1,1
757782,0.8,4.8,8.6,0,0,947,1,1
757802,0.8,4.8,8.6,0,0,947,1,1
757822,0.8,4.8,8.6,0,0,945,1,1
757842,0.8,4.8,8.6,0,0,946,1,1
757862,0.8,4.8,8.6,0,0,945,1,1
757882,0.8,4.8,8.6,0,0,945,1,1
757902,0.8,4.8,8.6,0,0,945,1,1
757922,0.8,4.8,8.6,0,0,946,1,1
757942,0.8,4.8,8.6,0,0,946,1,1
757962,0.8,4.8,8.6,0,0,943,1,1
757982,0.8,4.8,8.6,0,0,944,1,1
758002,0.8,4.8,8.6,0,0,944,1,1
758022,0.8,4.8,8.6,0,0,944,1,1
758042,0.7,4.8,8.6,0,0,947,1,1
758062,0.8,4.8,8.6,0,0,946,1,1
758082,0.8,4.8,8.6,0,0,945,1,1
758102,0.8,4.8,8.6,0,0,947,1,1
758122,0.8,4.8,8.6,0,0,946,1,1
758142,0.8,4.8,8.6,0,0,948,1,1
758162,0.8,4.8,8.6,0,0,946,1,1
758182,0.8,4.8,8.6,0,0,946,1,1
758202,0.8,4.8,8.6,0,0,944,1,1
758222,0.8,4.8,8.6,0,0,945,1,1
758242,0.8,4.8,8.6,0,0,943,1,1
758262,0.8,4.8,8.6,0,0,945,1,1
758282,0.8,4.8,8.6,0,0,944,1,1
758302,0.8,4.8,8.6,0,0,946,1,1
758322,0.8,4.8,8.6,0,0,948,1,1
758342,0.8,4.8,8.6,0,0,947,1,1
758362,0.8,4.8,8.6,0,0,947,1,1
758382,0.8,4.8,8.6,0,0,945,1,1
758402,0.7,4.8,8.6,0,0,945,1,1
758422,0.8,4.8,8.6,0,0,945,1,1
758442,0.8,4.8,8.6,0,0,943,1,1
758462,0.8,4.8,8.6,0,0,946,1,1
758482,0.8,4.8,8.6,0,0,946,1,1
758502,0.8,4.8,8.6,0,0,945,1,1
758522,0.8,4.8,8.6,0,0,945,1,1
758542,0.8,4.8,8.6,0,0,945,1,1
758562,0.8,4.8,8.6,0,0,944,1,1
758582,0.8,4.8,8.6,0,0,948,1,1
758602,0.8,4.8,8.7,0,0,945,1,1
758622,0.7,4.7,8.6,0,0,945,1,1
758642,0.8,4.8,8.6,0,0,945,1,1
758662,0.8,4.8,8.5,0,0,945,1,1
758682,0.8,4.9,8.8,0,0,946,1,1
758702,0.8,4.8,8.6,-2,-12,945,1,1
758722,0.7,4.7,8.5,1,-15,945,1,1
758742,0.8,4.8,8.6,2,-16,945,1,1
758762,0.7,4.8,8.7,7,-12,944,1,1
758782,0.8,4.8,8.6,6,-8,944,1,1
758802,0.7,4.7,8.4,9,-4,946,1,1
758822,0.8,4.8,8.6,8,-1,945,1,1
758842,0.9,4.9,8.7,20,1,947,1,1
758862,0.9,4.8,8.7,20,6,946,1,1
758882,0.8,4.7,8.8,17,14,945,1,1
758902,0.9,4.2,9.0,12,14,944,1,1
758922,0.8,4.9,8.8,7,15,946,1,1
758942,0.8,4.7,8.6,14,7,948,1,1
758962,0.8,4.8,9.7,9,0,945,1,1
758982,1.7,4.4,7.7,11,-3,948,1,1
759002,0.8,4.8,8.9,9,-5,947,1,1
759022,1.0,4.7,8.7,3,-6,945,1,1
759042,0.8,4.6,8.5,-4,-4,943,1,1
759062,1.1,2.3,4.3,-8,22,945,1,1
759082,0.8,4.7,7.1,-11,22,943,1,1
759102,0.9,4.8,8.7,-18,15,947,1,1
759122,0.8,4.8,8.5,-22,4,946,1,1
759142,0.8,4.8,8.7,-19,-1,946,1,1
759162,0.8,4.8,8.6,-18,-4,948,1,1
759182,0.8,4.8,8.7,-17,-6,945,1,1
759202,0.8,4.8,8.6,-13,-6,947,1,1
759222,0.7,4.8,8.5,0,0,945,1,1
759242,0.7,4.8,8.6,0,0,946,1,1
759262,0.7,4.8,8.6,0,0,946,1,1
759282,0.8,4.8,8.6,0,0,947,1,1
759302,0.8,4.8,8.6,0,0,946,1,1
759322,0.8,4.8,8.6,0,0,947,1,1
759342,0.8,4.8,8.6,0,0,945,1,1
759362,0.8,4.8,8.6,0,0,945,1,1
759382,0.8,4.8,8.6,0,0,945,1,1
759402,0.7,4.8,8.6,0,0,946,1,1
759422,0.7,4.8,8.6,0,0,947,1,1
759442,0.8,4.8,8.6,0,0,946,1,1
759462,0.8,4.8,8.6,0,0,947,1,1
759482,0.8,4.8,8.6,0,0,947,1,1
759502,0.8,4.8,8.6,0,0,946,1,1
759522,0.8,4.8,8.6,0,0,944,1,1
759542,0.8,4.8,8.6,0,0,947,1,1
759562,0.8,4.8,8.6,0,0,943,1,1
759582,0.8,4.8,8.6,0,0,943,1,1
759602,0.8,4.8,8.6,0,0,947,1,1
759622,0.8,4.8,8.6,0,0,945,1,1
759642,0.8,4.8,8.6,0,0,950,1,1
759662,0.8,4.8,8.6,0,0,947,1,1
759682,0.8,4.8,8.6,0,0,946,1,1
759702,0.8,4.8,8.6,0,0,946,1,1
759722,0.8,4.8,8.6,0,0,944,1,1
759742,0.7,4.8,8.6,0,0,947,1,1
759762,0.7,4.8,8.6,0,0,947,1,1
759782,0.8,4.8,8.6,0,0,947,1,1
759802,0.8,4.8,8.6,0,0,944,1,1
759822,0.8,4.8,8.6,0,0,944,1,1
759842,0.8,4.8,8.6,0,0,946,1,1
759862,0.8,4.8,8.6,0,0,946,1,1
759882,0.8,4.8,8.6,0,0,946,1,1
759902,0.8,4.8,8.6,0,0,948,1,1
759922,0.8,4.8,8.6,0,0,946,1,1
759942,0.8,4.8,8.6,0,0,945,1,1
759962,0.8,4.8,8.6,0,0,946,1,1
759982,0.8,4.8,8.6,0,0,945,1,1
760002,0.8,4.8,8.6,0,0,945,1,1
760022,0.8,4.8,8.6,0,0,946,1,1
760042,0.8,4.8,8.6,0,0,945,1,1
760062,0.8,4.8,8.6,0,0,946,1,1
760082,0.8,4.8,8.6,0,0,944,1,1
760102,0.7,4.8,8.6,0,0,944,1,1
760122,0.8,4.8,8.6,0,0,946,1,1
760142,0.8,4.8,8.6,0,0,945,1,1
760162,0.8,6.0,8.4,0,0,947,1,1
760182,0.9,4.9,9.4,0,0,945,1,1
760202,0.6,4.6,8.1,0,0,944,1,1
760222,1.0,5.0,8.7,0,0,948,1,1
760242,0.8,4.9,8.5,0,0,946,1,1
760262,0.8,4.8,8.7,0,-8,944,1,1
760282,0.8,4.7,8.6,5,-8,946,1,1
760302,0.9,5.0,8.7,13,-13,945,1,1
760322,0.8,4.7,8.6,17,-14,945,1,1
760342,0.8,4.8,8.6,18,-9,946,1,1
760362,0.8,4.9,8.8,16,-2,945,1,1
760382,0.9,4.3,8.4,14,1,945,1,1
760402,0.8,4.9,8.7,12,11,943,1,1
760422,0.7,5.3,10.4,13,21,946,1,1
760442,0.9,4.4,7.8,17,20,945,1,1
760462,1.9,3.7,8.7,21,10,944,1,1
760482,0.6,4.6,8.9,15,5,945,1,1
760502,0.8,4.8,8.5,7,0,945,1,1
760522,0.8,4.7,8.5,1,-3,946,1,1
760542,0.8,4.7,8.6,1,-12,943,1,1
760562,0.8,4.8,8.7,-2,-12,948,1,1
760582,1.0,5.1,9.1,-6,14,947,1,1
760602,0.8,3.4,6.7,-11,21,944,1,1
760622,0.6,4.7,8.4,-23,15,943,1,1
760642,0.7,4.7,8.6,-25,6,944,1,1
760662,0.9,4.8,8.7,-24,0,945,1,1
760682,0.9,4.8,8.6,-20,-3,951,1,1
760702,0.8,4.8,8.6,-17,-8,945,1,1
760722,0.7,4.8,8.6,-15,-14,946,1,1
760742,0.7,4.7,8.6,-13,-13,946,1,1
760762,0.6,4.7,8.3,-11,-12,948,1,1
760782,0.9,4.7,8.9,-6,-7,946,1,1
760802,0.8,4.8,8.5,0,0,944,1,1
760822,0.8,4.8,8.6,0,0,945,1,1
760842,0.8,4.8,8.6,0,0,946,1,1
760862,0.8,4.8,8.6,0,0,942,1,1
760882,0.8,4.8,8.6,0,0,945,1,1
760902,0.8,4.8,8.6,0,0,947,1,1
760922,0.7,4.8,8.6,0,0,945,1,1
760942,0.8,4.8,8.6,0,0,948,1,1
760962,0.8,4.8,8.6,0,0,944,1,1
760982,0.8,4.8,8.6,0,0,944,1,1
761002,0.8,4.8,8.6,0,0,947,1,1
761022,0.8,4.8,8.6,0,0,945,1,1
761042,0.8,4.8,8.6,0,0,947,1,1
761062,0.8,4.8,8.6,0,0,946,1,1
761082,0.7,4.8,8.6,0,0,945,1,1
761102,0.8,4.8,8.6,0,0,948,1,1
761122,0.8,4.8,8.6,0,0,943,1,1
761142,0.8,4.8,8.6,0,0,943,1,1
761162,0.8,4.8,8.6,0,0,947,1,1
761182,0.8,4.8,8.6,0,0,945,1,1
761202,0.8,4.8,8.6,0,0,946,1,1
761222,0.8,4.8,8.6,0,0,948,1,1
761242,0.8,4.8,8.6,0,0,946,1,1
761262,0.8,4.8,8.6,0,0,945,1,1
761282,0.8,4.8,8.6,0,0,945,1,1
761302,0.8,4.8,8.6,0,0,944,1,1
761322,0.8,4.8,8.6,0,0,945,1,1
761342,0.8,4.8,8.6,0,0,946,1,1
761362,0.8,4.8,8.6,0,0,945,1,1
761382,0.8,4.8,8.6,0,0,947,1,1
761402,0.8,4.8,8.6,0,0,943,1,1
761422,0.7,4.8,8.6,0,0,944,1,1
761442,0.8,4.8,8.6,0,0,944,1,1
761462,0.8,4.8,8.6,0,0,946,1,1
761482,0.8,4.8,8.6,0,0,947,1,1
761502,0.8,4.8,8.6,0,0,944,1,1
761522,0.8,4.8,8.6,0,0,945,1,1
761542,0.8,4.8,8.6,0,0,945,1,1
761562,0.8,4.8,8.6,0,0,945,1,1
761582,0.7,4.8,8.6,0,0,946,1,1
761602,0.8,4.8,8.6,0,0,947,1,1
761622,0.8,4.4,8.5,0,0,945,1,1
761642,1.0,4.7,9.2,0,0,946,1,1
761662,0.7,4.6,8.3,0,0,943,1,1
761682,0.8,4.8,8.9,0,0,946,1,1
761702,0.6,4.6,8.4,0,0,943,1,1
761722,0.7,4.8,8.6,3,-11,944,1,1
761742,0.7,4.8,8.6,5,-15,947,1,1
761762,0.8,4.8,8.6,9,-13,945,1,1
761782,0.8,4.8,8.7,9,-10,947,1,1
761802,0.8,4.9,8.9,10,-6,945,1,1
761822,0.9,4.7,8.6,11,-1,946,1,1
761842,0.8,4.7,8.5,10,2,947,1,1
761862,0.9,5.0,8.7,12,12,947,1,1
761882,0.6,4.5,8.5,15,17,946,1,1
761902,0.5,5.2,10.2,15,20,946,1,1
761922,0.4,4.1,7.7,13,16,943,1,1
761942,0.9,5.4,9.1,11,12,946,1,1
761962,0.7,4.7,8.3,13,7,947,1,1
761982,0.8,4.8,8.6,10,3,945,1,1
762002,0.8,4.7,8.6,3,0,947,1,1
762022,0.8,4.6,8.8,1,2,946,1,1
762042,0.8,4.9,8.7,-4,0,947,1,1
762062,0.9,5.1,9.3,-2,6,945,1,1
762082,0.6,4.7,8.2,-8,7,943,1,1
762102,0.8,4.8,8.6,-15,5,947,1,1
762122,0.8,4.8,8.7,-19,0,945,1,1
762142,0.9,4.8,8.6,-17,-4,947,1,1
762162,0.8,4.8,8.6,-16,-4,945,1,1
762182,0.8,4.8,8.6,-14,-6,943,1,1
762202,0.8,4.9,8.7,-12,-5,945,1,1
762222,0.8,4.8,8.7,0,0,944,1,1
762242,0.7,4.8,8.6,0,0,946,1,1
762262,0.7,4.8,8.6,0,0,948,1,1
762282,0.8,4.8,8.6,0,0,947,1,1
762302,0.8,4.8,8.6,0,0,945,1,1
762322,0.8,4.8,8.6,0,0,944,1,1
762342,0.8,4.8,8.6,0,0,944,1,1
762362,0.8,4.8,8.6,0,0,944,1,1
762382,0.8,4.8,8.6,0,0,946,1,1
762402,0.7,4.8,8.6,0,0,946,1,1
762422,0.7,4.8,8.6,0,0,945,1,1
762442,0.8,4.8,8.6,0,0,945,1,1
762462,0.8,4.8,8.6,0,0,944,1,1
762482,0.8,4.8,8.6,0,0,946,1,1
762502,0.8,4.8,8.6,0,0,945,1,1
762522,0.8,4.8,8.6,0,0,946,1,1
762542,0.8,4.8,8.6,0,0,946,1,1
762562,0.7,4.8,8.6,0,0,946,1,1
762582,0.7,4.8,8.6,0,0,947,1,1
762602,0.7,4.8,8.6,0,0,946,1,1
762622,0.8,4.8,8.6,0,0,945,1,1
762642,0.8,4.8,8.6,0,0,943,1,1
762662,0.8,4.8,8.6,0,0,946,1,1
762682,0.8,4.8,8.6,0,0,947,1,1
762702,0.8,4.8,8.6,0,0,946,1,1
762722,0.7,4.8,8.6,0,0,944,1,1
762742,0.8,4.8,8.6,0,0,945,1,1
762762,0.8,4.8,8.6,0,0,946,1,1
762782,0.8,4.8,8.6,0,0,945,1,1
762802,0.8,4.8,8.6,0,0,948,1,1
762822,0.8,4.8,8.6,0,0,947,1,1
762842,0.8,4.8,8.6,0,0,946,1,1
762862,0.8,4.8,8.6,0,0,948,1,1
762882,0.8,4.8,8.6,0,0,947,1,1
762902,0.8,4.8,8.6,0,0,947,1,1
762922,0.8,4.8,8.6,0,0,945,1,1
762942,0.8,4.8,8.6,0,0,946,1,1
762962,0.8,4.7,8.6,0,0,947,1,1
762982,0.8,4.8,8.6,0,0,946,1,1
763002,1.3,5.4,8.7,0,0,943,1,1
763022,0.9,4.8,7.9,0,0,945,1,1
763042,-2.7,4.9,5.8,0,0,945,1,1
763062,0.3,4.5,8.4,0,0,946,1,1
763082,0.7,4.8,8.2,0,0,948,1,1
763102,0.8,4.9,8.6,0,-9,946,1,1
763122,0.8,4.8,8.7,2,-6,949,1,1
763142,0.8,4.8,8.6,0,-7,946,1,1
763162,0.8,4.8,8.6,7,-4,946,1,1
763182,0.8,4.8,8.6,13,-8,948,1,1
763202,0.8,4.7,8.6,23,-3,947,1,1
763222,0.8,4.8,8.7,20,4,948,1,1
763242,0.9,4.9,8.5,14,7,948,1,1
763262,0.7,4.8,8.6,11,5,941,1,1
763282,0.9,5.0,8.9,10,10,943,1,1
763302,0.9,4.8,8.7,9,10,945,1,1
763322,0.7,4.8,8.6,16,5,947,1,1
763342,0.9,4.7,8.8,12,-1,950,1,1
763362,0.5,4.4,8.9,8,-9,947,1,1
763382,0.8,4.7,8.7,7,-11,947,1,1
763402,0.8,4.8,8.7,-4,-12,945,1,1
763422,0.7,4.7,8.5,0,-13,946,1,1
763442,0.8,4.7,8.8,0,-7,947,1,1
763462,0.8,3.2,7.0,-8,-1,946,1,1
763482,0.8,5.0,8.7,-6,28,944,1,1
763502,0.8,4.5,8.1,-13,26,948,1,1
763522,0.8,4.8,8.8,-19,16,946,1,1
763542,0.8,4.8,8.7,-20,5,944,1,1
763562,0.8,4.8,8.6,-17,-3,945,1,1
763582,0.8,4.8,8.6,-18,-6,944,1,1
763602,0.8,4.8,8.6,-15,-10,947,1,1
763622,0.8,4.8,8.7,-12,-9,947,1,1
763642,0.8,4.8,8.6,0,0,945,1,1
763662,0.8,4.8,8.6,0,0,945,1,1
763682,0.7,4.8,8.6,0,0,944,1,1
763702,0.8,4.8,8.6,0,0,948,1,1
763722,0.7,4.8,8.6,0,0,945,1,1
763742,0.8,4.8,8.6,0,0,947,1,1
763762,0.8,4.8,8.6,0,0,945,1,1
763782,0.8,4.8,8.6,0,0,945,1,1
763802,0.8,4.8,8.6,0,0,944,1,1
763822,0.8,4.8,8.6,0,0,944,1,1
763842,0.8,4.8,8.6,0,0,945,1,1
763862,0.7,4.8,8.6,0,0,946,1,1
763882,0.8,4.8,8.6,0,0,950,1,1
763902,0.8,4.8,8.6,0,0,948,1,1
763922,0.8,4.8,8.6,0,0,945,1,1
763942,0.8,4.8,8.6,0,0,946,1,1
763962,0.8,4.8,8.6,0,0,946,1,1
763982,0.8,4.8,8.6,0,0,946,1,1
764002,0.8,4.8,8.6,0,0,948,1,1
764022,0.8,4.8,8.6,0,0,945,1,1
764042,0.8,4.8,8.6,0,0,945,1,1
764062,0.8,4.8,8.6,0,0,942,1,1
764082,0.8,4.8,8.6,0,0,947,1,1
764102,0.8,4.8,8.6,0,0,946,1,1
764122,0.8,4.8,8.6,0,0,946,1,1
764142,0.8,4.8,8.6,0,0,948,1,1
764162,0.8,4.8,8.6,0,0,947,1,1
764182,0.8,4.8,8.6,0,0,945,1,1
764202,0.8,4.8,8.6,0,0,947,1,1
764222,0.8,4.8,8.6,0,0,946,1,1
764242,0.8,4.8,8.6,0,0,946,1,1
764262,0.8,4.8,8.6,0,0,947,1,1
764282,0.8,4.8,8.6,0,0,946,1,1
764302,0.8,4.8,8.6,0,0,945,1,1
764322,0.8,4.8,8.6,0,0,943,1,1
764342,0.8,4.8,8.6,0,0,945,1,1
764362,0.8,4.8,8.6,0,0,943,1,1
764382,0.8,4.8,8.6,0,0,944,1,1
764402,0.8,4.8,8.6,0,0,951,1,1
764422,0.8,4.8,8.6,0,0,946,1,1
764442,0.8,4.8,8.6,0,0,945,1,1
764462,0.8,4.8,8.6,0,0,944,1,1
764482,0.8,4.8,8.6,0,0,946,1,1
764502,0.7,4.8,8.6,0,0,947,1,1
764522,0.8,4.8,8.6,0,0,946,1,1
764542,0.8,4.8,8.6,0,0,946,1,1
764562,0.8,4.8,8.6,0,0,944,1,1
764582,0.8,4.8,8.6,0,0,944,1,1
764602,0.8,4.8,8.6,0,0,948,1,1
764622,0.8,4.8,8.6,0,0,946,1,1
764642,0.8,4.8,8.6,0,0,946,1,1
764662,0.7,4.8,8.4,0,0,949,1,1
764682,1.0,5.1,8.6,0,0,946,1,1
764702,0.9,5.0,7.6,0,0,946,1,1
764722,-0.3,4.3,7.3,0,0,946,1,1
764742,0.8,4.8,8.7,0,0,948,1,1
764762,0.8,4.8,8.5,0,-12,947,1,1
764782,0.7,4.9,8.8,5,-9,948,1,1
764802,0.8,4.8,8.7,5,-7,947,1,1
764822,0.8,4.8,8.6,8,-5,948,1,1
764842,0.8,4.8,8.6,12,-2,944,1,1
764862,0.8,4.9,8.6,13,0,944,1,1
764882,0.8,4.9,8.7,15,3,946,1,1
764902,0.8,4.8,8.7,13,12,944,1,1
764922,0.6,4.8,9.2,12,15,950,1,1
764942,1.0,4.2,7.8,8,15,947,1,1
764962,0.8,4.8,9.2,19,6,946,1,1
764982,1.0,4.6,8.7,20,3,946,1,1
765002,0.8,4.9,8.8,14,0,945,1,1
765022,0.9,4.8,8.6,9,-1,945,1,1
765042,0.8,4.7,8.7,4,-5,945,1,1
765062,0.7,4.6,8.6,2,-4,945,1,1
765082,0.8,4.7,8.6,-3,5,948,1,1
765102,0.0,4.4,10.1,-9,19,944,1,1
765122,0.8,4.6,8.2,-18,22,945,1,1
765142,0.7,4.7,8.5,-22,11,945,1,1
765162,0.7,4.7,8.6,-23,1,946,1,1
765182,0.8,4.8,8.7,-22,-3,948,1,1
765202,0.8,4.8,8.7,-20,-5,946,1,1
765222,0.8,4.8,8.6,-17,-5,947,1,1
765242,0.8,4.8,8.7,-12,-5,943,1,1
765262,0.7,4.7,8.2,-3,-5,944,1,1
765282,0.8,4.8,8.6,0,0,948,1,1
765302,0.8,4.8,8.6,0,0,946,1,1
765322,0.8,4.8,8.6,0,0,947,1,1
765342,0.8,4.8,8.6,0,0,945,1,1
765362,0.8,4.8,8.6,0,0,944,1,1
765382,0.8,4.8,8.6,0,0,945,1,1
765402,0.8,4.8,8.6,0,0,945,1,1
765422,0.8,4.8,8.6,0,0,945,1,1
765442,0.8,4.8,8.6,0,0,947,1,1
765462,0.8,4.8,8.6,0,0,946,1,1
765482,0.8,4.8,8.6,0,0,946,1,1
765502,0.8,4.8,8.6,0,0,946,1,1
765522,0.8,4.8,8.6,0,0,947,1,1
765542,0.8,4.8,8.6,0,0,946,1,1
765562,0.8,4.8,8.6,0,0,945,1,1
765582,0.8,4.8,8.6,0,0,945,1,1
765602,0.8,4.8,8.6,0,0,945,1,1
765622,0.8,4.8,8.6,0,0,939,1,1
765642,0.8,4.8,8.6,0,0,945,1,1
765662,0.8,4.8,8.6,0,0,945,1,1
765682,0.8,4.8,8.6,0,0,947,1,1
765702,0.8,4.8,8.6,0,0,949,1,1
765722,0.8,4.8,8.6,0,0,947,1,1
765742,0.8,4.8,8.6,0,0,945,1,1
765762,0.8,4.8,8.6,0,0,947,1,1
765782,0.8,4.8,8.6,0,0,947,1,1
765802,0.8,4.8,8.6,0,0,945,1,1
765822,0.8,4.8,8.6,0,0,946,1,1
765842,0.8,4.8,8.6,0,0,946,1,1
765862,0.8,4.8,8.6,0,0,947,1,1
765882,0.8,4.8,8.6,0,0,943,1,1
765902,0.8,4.8,8.6,0,0,945,1,1
765922,0.8,4.8,8.6,0,0,945,1,1
765942,0.8,4.8,8.6,0,0,948,1,1
765962,0.8,4.8,8.6,0,0,947,1,1
765982,0.8,4.8,8.6,0,0,947,1,1
766002,0.8,4.8,8.6,0,0,945,1,1
766022,0.8,4.8,8.6,0,0,947,1,1
766042,0.8,4.8,8.6,0,0,943,1,1
766062,0.8,4.8,8.6,0,0,946,1,1
766082,0.8,4.8,8.6,0,0,947,1,1
766102,0.9,4.9,8.6,0,0,945,1,1
766122,0.8,4.8,8.9,0,0,946,1,1
766142,0.8,4.8,8.7,0,0,944,1,1
766162,0.8,4.8,8.5,0,0,945,1,1
766182,1.2,5.0,9.5,0,0,944,1,1
766202,0.6,4.5,8.4,-5,-4,947,1,1
766222,0.5,4.4,8.1,-4,-11,947,1,1
766242,0.7,4.7,8.7,0,-11,947,1,1
766262,0.9,3.7,8.8,5,-14,946,1,1
766282,0.8,4.8,8.6,9,-13,947,1,1
766302,0.7,4.7,8.6,10,-8,946,1,1
766322,0.7,4.7,8.6,9,-6,948,1,1
766342,0.8,4.9,8.7,11,-2,947,1,1
766362,0.8,4.8,8.6,11,0,946,1,1
766382,0.8,4.8,8.6,7,7,947,1,1
766402,0.9,4.7,7.3,9,10,944,1,1
766422,0.8,4.7,8.5,9,11,946,1,1
766442,0.8,4.9,8.7,10,12,948,1,1
766462,0.8,3.8,9.0,11,13,943,1,1
766482,0.8,3.7,9.2,32,4,946,1,1
766502,0.4,4.3,7.8,25,0,944,1,1
766522,0.6,4.5,8.2,13,-3,945,1,1
766542,0.8,4.8,8.7,4,-9,947,1,1
766562,0.8,4.7,8.6,0,-10,943,1,1
766582,0.7,4.7,8.7,0,-6,946,1,1
766602,0.6,4.6,8.4,-3,-9,947,1,1
766622,0.8,3.7,7.2,-5,-7,946,1,1
766642,-0.1,4.4,8.6,-6,32,946,1,1
766662,0.6,4.6,8.3,-8,29,945,1,1
766682,0.8,4.8,8.6,-17,16,945,1,1
766702,0.8,4.8,8.6,-19,4,945,1,1
766722,0.8,4.8,8.7,-20,0,948,1,1
766742,0.8,4.9,8.7,-18,-6,946,1,1
766762,0.8,4.8,8.6,0,0,945,1,1
766782,0.8,4.8,8.6,0,0,945,1,1
766802,0.8,4.8,8.6,0,0,946,1,1
766822,0.8,4.8,8.6,0,0,945,1,1
766842,0.8,4.8,8.6,0,0,946,1,1
766862,0.8,4.8,8.6,0,0,946,1,1
766882,0.8,4.8,8.6,0,0,947,1,1
766902,0.8,4.8,8.6,0,0,946,1,1
766922,0.8,4.8,8.6,0,0,945,1,1
766942,0.8,4.8,8.6,0,0,946,1,1
766962,0.8,4.8,8.6,0,0,945,1,1
766982,0.8,4.8,8.6,0,0,947,1,1
767002,0.8,4.8,8.6,0,0,946,1,1
767022,0.8,4.8,8.6,0,0,946,1,1
767042,0.8,4.8,8.6,0,0,944,1,1
767062,0.8,4.8,8.6,0,0,945,1,1
767082,0.8,4.8,8.6,0,0,946,1,1
767102,0.8,4.8,8.6,0,0,946,1,1
767122,0.7,4.8,8.6,0,0,947,1,1
767142,0.8,4.8,8.6,0,0,946,1,1
767162,0.8,4.8,8.6,0,0,944,1,1
767182,0.8,4.8,8.6,0,0,945,1,1
767202,0.8,4.8,8.6,0,0,945,1,1
767222,0.8,4.8,8.6,0,0,946,1,1
767242,0.8,4.8,8.6,0,0,948,1,1
767262,0.7,4.8,8.6,0,0,947,1,1
767282,0.8,4.8,8.6,0,0,946,1,1
767302,0.8,4.8,8.6,0,0,948,1,1
767322,0.8,4.8,8.6,0,0,945,1,1
767342,0.8,4.8,8.6,0,0,945,1,1
767362,0.8,4.8,8.6,0,0,947,1,1
767382,0.8,4.8,8.6,0,0,946,1,1
767402,0.8,4.8,8.6,0,0,945,1,1
767422,0.8,4.8,8.6,0,0,943,1,1
767442,0.8,4.8,8.6,0,0,946,1,1
767462,0.8,4.8,8.6,0,0,946,1,1
767482,0.8,4.8,8.6,0,0,946,1,1
767502,0.8,4.8,8.6,0,0,948,1,1
767522,0.8,4.8,8.6,0,0,946,1,1
767542,0.8,4.8,8.6,0,0,945,1,1
767562,0.8,4.8,8.6,0,0,947,1,1
767582,0.8,4.8,8.6,0,0,945,1,1
767602,0.8,4.8,8.6,0,0,947,1,1
767622,0.8,4.8,8.6,0,0,946,1,1
767642,0.8,4.8,8.6,0,0,946,1,1
767662,0.8,4.9,8.6,0,0,940,1,1
767682,0.7,5.0,9.1,0,0,943,1,1
767702,0.6,4.9,9.0,0,0,945,1,1
767722,0.7,4.8,8.7,0,0,947,1,1
767742,0.8,4.8,8.7,0,0,946,1,1
767762,0.7,4.8,8.6,-6,-8,946,1,1
767782,0.7,4.7,8.5,-1,-10,945,1,1
767802,0.8,4.8,8.6,1,-13,945,1,1
767822,0.7,4.8,8.6,5,-16,944,1,1
767842,0.8,4.8,8.6,8,-13,946,1,1
767862,0.9,4.9,8.7,10,-11,945,1,1
767882,0.8,4.7,8.6,11,-5,944,1,1
767902,0.6,4.6,8.4,7,-3,946,1,1
767922,0.8,4.8,8.5,11,0,945,1,1
767942,0.8,4.6,7.7,9,1,943,1,1
767962,0.7,4.7,8.7,9,10,945,1,1
767982,0.8,4.9,8.4,8,13,947,1,1
768002,0.8,4.9,8.8,9,20,945,1,1
768022,0.8,4.7,8.5,10,17,946,1,1
768042,0.9,4.8,8.5,19,10,946,1,1
768062,1.1,4.8,9.1,20,3,946,1,1
768082,1.0,4.9,8.8,7,-6,946,1,1
768102,0.8,4.7,8.6,4,-9,946,1,1
768122,0.9,4.8,8.7,3,-8,945,1,1
768142,0.8,4.7,8.6,2,-9,946,1,1
768162,0.6,4.5,8.7,-7,19,945,1,1
768182,-2.0,3.1,6.3,-13,24,945,1,1
768202,0.6,4.6,8.2,-18,14,943,1,1
768222,0.8,4.8,8.7,-20,5,943,1,1
768242,0.8,4.8,8.7,-20,-3,945,1,1
768262,0.8,4.8,8.6,-17,-8,945,1,1
768282,0.8,4.8,8.7,-14,-9,946,1,1
768302,0.7,4.7,8.3,0,0,948,1,1
768322,0.8,4.8,8.7,0,0,945,1,1
768342,0.8,4.8,8.6,0,0,946,1,1
768362,0.8,4.8,8.6,0,0,946,1,1
768382,0.8,4.8,8.6,0,0,944,1,1
768402,0.8,4.8,8.6,0,0,946,1,1
768422,0.8,4.8,8.6,0,0,945,1,1
768442,0.8,4.8,8.6,0,0,945,1,1
768462,0.8,4.8,8.6,0,0,940,1,1
768482,0.8,4.8,8.6,0,0,946,1,1
768502,0.8,4.8,8.6,0,0,944,1,1
768522,0.8,4.8,8.6,0,0,946,1,1
768542,0.8,4.8,8.6,0,0,946,1,1
768562,0.8,4.8,8.6,0,0,945,1,1
768582,0.8,4.8,8.6,0,0,946,1,1
768602,0.8,4.8,8.6,0,0,947,1,1
768622,0.8,4.8,8.6,0,0,946,1,1
768642,0.8,4.8,8.6,0,0,947,1,1
768662,0.8,4.8,8.6,0,0,947,1,1
768682,0.8,4.8,8.6,0,0,945,1,1
768702,0.8,4.8,8.6,0,0,946,1,1
768722,0.8,4.8,8.6,0,0,944,1,1
768742,0.8,4.8,8.6,0,0,950,1,1
768762,0.8,4.8,8.6,0,0,946,1,1
768782,0.8,4.8,8.6,0,0,947,1,1
768802,0.8,4.8,8.6,0,0,947,1,1
768822,0.8,4.8,8.6,0,0,946,1,1
768842,0.8,4.8,8.6,0,0,946,1,1
768862,0.8,4.8,8.6,0,0,945,1,1
768882,0.8,4.8,8.6,0,0,945,1,1
768902,0.8,4.8,8.6,0,0,946,1,1
768922,0.8,4.8,8.6,0,0,945,1,1
768942,0.8,4.8,8.6,0,0,944,1,1
768962,0.8,4.8,8.6,0,0,944,1,1
768982,0.8,4.8,8.6,0,0,944,1,1
769002,0.8,4.8,8.6,0,0,945,1,1
769022,0.8,4.8,8.6,0,0,944,1,1
769042,0.8,4.8,8.6,0,0,949,1,1
769062,0.8,4.8,8.6,0,0,947,1,1
769082,0.8,4.8,8.6,0,0,945,1,1
769102,0.8,4.8,8.6,0,0,946,1,1
769122,0.8,4.8,8.6,0,0,945,1,1
769142,0.8,4.8,8.6,0,0,944,1,1
769162,0.8,4.7,8.5,0,0,946,1,1
769182,0.8,4.7,8.6,0,0,945,1,1
769202,0.9,4.7,8.5,0,0,946,1,1
769222,0.7,4.7,8.7,0,0,946,1,1
769242,0.8,4.8,8.6,0,0,944,1,1
769262,0.8,4.8,8.7,-2,-6,947,1,1
769282,0.8,4.8,8.6,0,-8,945,1,1
769302,0.8,4.7,8.6,5,-9,946,1,1
769322,0.8,4.9,8.7,7,-7,946,1,1
769342,0.8,4.8,8.6,8,-8,945,1,1
769362,0.7,4.9,8.6,10,-7,946,1,1
769382,0.8,4.9,8.9,9,-5,947,1,1
769402,0.7,4.7,7.7,5,0,946,1,1
769422,0.8,4.8,8.6,10,2,945,1,1
769442,0.8,4.7,8.5,11,4,946,1,1
769462,0.8,4.8,8.7,15,5,946,1,1
769482,0.8,4.8,8.7,10,15,946,1,1
769502,0.9,4.7,8.4,18,16,945,1,1
769522,0.6,4.6,8.4,25,5,946,1,1
769542,0.8,4.8,8.5,11,-6,946,1,1
769562,0.8,4.8,8.7,1,-7,946,1,1
769582,0.9,4.8,8.8,-1,-12,946,1,1
769602,0.7,5.2,9.5,0,0,945,1,1
769622,1.0,5.0,9.3,0,0,946,1,1
769642,0.8,3.6,7.8,0,0,947,1,1
769662,1.0,4.9,9.1,0,0,948,1,1
769682,0.8,4.7,8.6,0,0,945,1,1
769702,0.8,4.8,8.5,-2,-10,946,1,1
769722,0.6,4.5,8.2,-3,37,945,1,1
769742,1.0,4.9,9.2,-9,38,945,1,1
769762,0.9,4.9,8.9,-19,23,943,1,1
769782,0.8,4.7,8.6,-21,9,947,1,1
769802,0.7,4.7,8.4,-19,0,944,1,1
769822,0.8,4.9,8.6,-17,-4,948,1,1
769842,0.9,4.9,8.8,-12,-6,947,1,1
769862,0.8,4.8,8.6,0,0,946,1,1
769882,0.8,4.8,8.6,0,0,945,1,1
769902,0.8,4.8,8.6,0,0,946,1,1
769922,0.8,4.8,8.6,0,0,945,1,1
769942,0.8,4.8,8.6,0,0,946,1,1
769962,0.8,4.8,8.6,0,0,945,1,1
769982,0.8,4.8,8.6,0,0,945,1,1
770002,0.8,4.8,8.6,0,0,944,1,1
770022,0.8,4.8,8.6,0,0,943,1,1
770042,0.8,4.8,8.6,0,0,947,1,1
770062,0.8,4.8,8.6,0,0,947,1,1
770082,0.8,4.8,8.6,0,0,948,1,1
770102,0.8,4.8,8.6,0,0,946,1,1
770122,0.8,4.8,8.6,0,0,945,1,1
770142,0.8,4.8,8.6,0,0,947,1,1
770162,0.8,4.8,8.6,0,0,945,1,1
770182,0.8,4.8,8.6,0,0,946,1,1
770202,0.7,4.8,8.6,0,0,946,1,1
770222,0.8,4.8,8.6,0,0,945,1,1
770242,0.8,4.8,8.6,0,0,946,1,1
770262,0.8,4.8,8.6,0,0,945,1,1
770282,0.8,4.8,8.6,0,0,943,1,1
770302,0.8,4.8,8.6,0,0,944,1,1
770322,0.8,4.8,8.6,0,0,944,1,1
770342,0.8,4.8,8.6,0,0,948,1,1
770362,0.8,4.8,8.6,0,0,945,1,1
770382,0.8,4.8,8.6,0,0,947,1,1
770402,0.8,4.8,8.6,0,0,944,1,1
770422,0.8,4.8,8.6,0,0,945,1,1
770442,0.8,4.8,8.6,0,0,946,1,1
770462,0.8,4.8,8.6,0,0,946,1,1
770482,0.8,4.8,8.6,0,0,946,1,1
770502,0.8,4.8,8.6,0,0,945,1,1
770522,0.8,4.8,8.6,0,0,946,1,1
770542,0.8,4.8,8.6,0,0,944,1,1
770562,0.8,4.8,8.6,0,0,946,1,1
770582,0.8,4.8,8.6,0,0,946,1,1
770602,0.8,4.8,8.6,0,0,948,1,1
770622,0.8,4.8,8.6,0,0,947,1,1
770642,0.8,4.8,8.6,0,0,947,1,1
770662,0.8,4.8,8.6,0,0,946,1,1
770682,0.7,4.8,8.6,0,0,946,1,1
770702,0.8,4.8,8.6,0,0,945,1,1
770722,0.8,4.8,8.6,0,0,946,1,1
770742,0.8,4.8,8.6,0,0,948,1,1
770762,0.8,4.8,8.6,0,0,947,1,1
770782,0.8,4.8,8.6,0,0,946,1,1
770802,0.8,4.8,8.6,0,0,943,1,1
770822,0.8,4.8,8.6,0,0,943,1,1
770842,0.8,4.8,8.6,0,0,947,1,1
770862,0.7,4.8,8.6,0,0,948,1,1
770882,0.8,4.8,8.6,0,0,948,1,1
770902,0.8,4.8,8.6,0,0,946,1,1
770922,0.8,4.8,8.6,0,0,945,1,1
770942,0.8,4.8,8.6,0,0,945,1,1
770962,0.8,4.8,8.6,0,0,942,1,1
770982,0.8,4.8,8.6,0,0,945,1,1
771002,0.8,4.8,8.6,0,0,947,1,1
771022,0.8,4.8,8.6,0,0,944,1,1
771042,0.8,4.8,8.7,0,0,945,1,1
771062,0.8,4.8,8.5,0,0,944,1,1
771082,0.8,4.8,8.6,0,0,945,1,1
771102,0.8,4.8,8.6,0,0,946,1,1
771122,0.8,4.8,8.6,0,0,947,1,1
771142,0.8,4.8,8.6,0,0,945,1,1
771162,0.8,4.8,8.6,0,0,946,1,1
771182,0.8,4.8,8.6,0,0,944,1,1
771202,0.8,4.8,8.6,0,0,946,1,1
771222,0.8,4.8,8.6,0,0,946,1,1
771242,0.8,4.8,8.6,0,0,947,1,1
771262,0.8,4.8,8.6,0,0,947,1,1
771282,0.8,4.8,8.6,0,0,947,1,1
771302,0.8,4.8,8.6,0,0,947,1,1
771322,0.8,4.8,8.6,0,0,944,1,1
771342,0.8,4.8,8.6,0,0,947,1,1
771362,0.8,4.8,8.6,0,0,945,1,1
771382,0.8,4.8,8.6,0,0,946,1,1
771402,0.8,4.8,8.6,0,0,949,1,1
771422,0.8,4.8,8.6,0,0,947,1,1
771442,0.8,4.8,8.6,0,0,943,1,1
771462,0.8,4.8,8.6,0,0,945,1,1
771482,0.8,4.8,8.6,0,0,946,1,1
771502,0.8,4.8,8.6,0,0,945,1,1
771522,0.8,4.8,8.6,0,0,945,1,1
771542,0.8,4.8,8.6,0,0,947,1,1
771562,0.8,4.8,8.6,0,0,946,1,1
771582,0.8,4.8,8.6,0,0,945,1,1
771602,0.8,4.8,8.6,0,0,945,1,1
771622,0.8,4.8,8.6,0,0,946,1,1
771642,0.8,4.8,8.6,0,0,947,1,1
771662,0.8,4.7,8.6,0,0,948,1,1
771682,0.8,4.8,8.6,0,0,946,1,1
771702,0.8,4.8,8.6,0,0,945,1,1
771722,0.8,4.8,8.6,0,0,944,1,1
771742,0.8,4.8,8.6,0,0,947,1,1
771762,0.8,4.8,8.6,0,0,947,1,1
771782,0.8,4.8,8.6,0,0,946,1,1
771802,0.8,4.8,8.6,0,0,945,1,1
771822,0.8,4.8,8.6,0,0,947,1,1
771842,0.8,4.8,8.6,0,0,945,1,1
771862,0.8,4.8,8.6,0,0,947,1,1
771882,0.8,4.8,8.6,0,0,945,1,1
771902,0.8,4.8,8.6,0,0,949,1,1
771922,0.8,4.8,8.6,0,0,948,1,1
771942,0.8,4.8,8.6,0,0,947,1,1
771962,0.8,4.8,8.6,0,0,945,1,1
771982,0.8,4.8,8.6,0,0,948,1,1
772002,0.8,4.8,8.6,0,0,947,1,1
772022,0.8,4.8,8.6,0,0,948,1,1
772042,0.8,4.8,8.6,0,0,946,1,1
772062,0.8,4.8,8.6,0,0,946,1,1
772082,0.8,4.8,8.6,0,0,945,1,1
772102,0.8,4.8,8.6,0,0,946,1,1
772122,0.8,4.8,8.6,0,0,946,1,1
772142,0.8,4.8,8.6,0,0,945,1,1
772162,0.8,4.8,8.6,0,0,948,1,1
772182,0.8,4.8,8.5,0,0,947,1,1
772202,0.8,4.8,8.7,0,0,937,1,1
772222,0.8,4.9,8.8,0,0,945,1,1
772242,0.8,4.9,8.6,0,-7,947,1,1
772262,0.7,4.8,8.6,-1,-11,947,1,1
772282,0.8,4.8,8.6,5,-9,944,1,1
772302,0.7,4.9,8.7,7,-7,948,1,1
772322,0.8,4.7,8.6,7,-6,946,1,1
772342,0.8,4.8,8.6,9,-4,944,1,1
772362,0.8,4.6,8.0,11,-1,943,1,1
772382,0.8,4.7,8.6,9,1,946,1,1
772402,0.8,4.8,8.6,8,2,947,1,1
772422,0.8,4.8,8.6,0,0,950,1,1
772442,0.8,4.8,8.6,0,0,945,1,1
772462,0.8,4.8,8.6,0,0,946,1,1
772482,0.8,4.8,8.6,0,0,948,1,1
772502,0.8,4.8,8.6,0,0,945,1,1
772522,0.9,5.0,9.0,0,0,946,1,1
772542,0.8,4.9,8.8,0,0,945,1,1
772562,0.9,4.9,8.7,7,24,945,1,1
772582,0.8,4.7,8.6,2,24,946,1,1
772602,0.7,4.6,8.5,-3,18,946,1,1
772622,0.6,4.5,8.7,-9,11,942,1,1
772642,0.8,4.7,8.7,-17,8,945,1,1
772662,0.8,4.7,8.5,-20,5,945,1,1
772682,0.8,4.9,8.7,-18,-1,947,1,1
772702,0.8,4.8,8.6,-16,-4,947,1,1
772722,0.7,4.6,8.6,-12,-7,945,1,1
772742,0.5,4.7,8.2,-9,-8,945,1,1
772762,0.8,4.8,8.5,-4,-8,946,1,1
772782,0.8,4.8,8.6,-2,-11,947,1,1
772802,0.8,4.8,8.6,-2,-10,948,1,1
772822,0.8,4.9,8.2,-2,-6,946,1,1
772842,0.8,4.8,8.5,0,0,947,1,1
772862,0.8,4.8,8.6,0,0,947,1,1
772882,0.8,4.8,8.6,0,0,943,1,1
772902,0.8,4.8,8.6,0,0,945,1,1
772922,0.8,4.8,8.6,0,0,944,1,1
772942,0.8,4.8,8.6,0,0,945,1,1
772962,0.8,4.8,8.6,0,0,949,1,1
772982,0.8,4.8,8.6,0,0,946,1,1
773002,0.8,4.8,8.6,0,0,945,1,1
773022,0.8,4.8,8.6,0,0,944,1,1
773042,0.8,4.8,8.6,0,0,943,1,1
773062,0.8,4.8,8.6,0,0,945,1,1
773082,0.8,4.8,8.6,0,0,947,1,1
773102,0.8,4.8,8.6,0,0,946,1,1
773122,0.8,4.8,8.6,0,0,946,1,1
773142,0.8,4.8,8.6,0,0,942,1,1
773162,0.8,4.8,8.6,0,0,944,1,1
773182,0.8,4.8,8.6,0,0,945,1,1
773202,0.8,4.8,8.6,0,0,945,1,1
773222,0.8,4.8,8.6,0,0,946,1,1
773242,0.8,4.8,8.6,0,0,947,1,1
773262,0.8,4.8,8.6,0,0,946,1,1
773282,0.8,4.8,8.6,0,0,946,1,1
773302,0.8,4.8,8.6,0,0,948,1,1
773322,0.8,4.8,8.6,0,0,947,1,1
773342,0.8,4.8,8.6,0,0,945,1,1
773362,0.8,4.8,8.6,0,0,947,1,1
773382,0.8,4.8,8.6,0,0,945,1,1
773402,0.8,4.8,8.6,0,0,944,1,1
773422,0.8,4.8,8.6,0,0,946,1,1
773442,0.8,4.8,8.6,0,0,944,1,1
773462,0.8,4.8,8.6,0,0,946,1,1
773482,0.8,4.8,8.6,0,0,948,1,1
773502,0.8,4.8,8.6,0,0,945,1,1
773522,0.8,4.8,8.6,0,0,946,1,1
773542,0.8,4.8,8.6,0,0,946,1,1
773562,0.8,4.8,8.6,0,0,948,1,1
773582,0.8,4.8,8.6,0,0,947,1,1
773602,0.8,4.8,8.6,0,0,945,1,1
773622,0.8,4.8,8.6,0,0,946,1,1
773642,0.8,4.8,8.6,0,0,946,1,1
773662,0.8,4.8,8.6,0,0,944,1,1
773682,0.8,4.8,8.6,0,0,946,1,1
773702,0.8,4.8,8.6,0,0,945,1,1
773722,0.8,4.8,8.6,0,0,947,1,1
773742,0.8,4.8,8.6,0,0,946,1,1
773762,0.8,4.9,8.5,0,0,947,1,1
773782,0.8,4.8,8.9,0,0,949,1,1
773802,0.4,4.6,8.1,0,0,947,1,1
773822,0.7,4.7,8.3,0,0,947,1,1
773842,0.6,4.6,8.2,-4,-5,948,1,1
773862,0.7,4.8,8.6,0,-8,945,1,1
773882,0.9,4.9,8.8,5,-7,946,1,1
773902,0.8,4.8,8.6,8,-11,944,1,1
773922,0.8,4.8,8.6,11,-10,945,1,1
773942,0.8,4.8,8.6,10,-10,947,1,1
773962,0.8,4.7,8.6,13,-7,945,1,1
773982,0.8,4.8,8.6,13,-3,948,1,1
774002,0.7,4.7,8.6,10,0,949,1,1
774022,0.8,4.8,8.5,12,3,945,1,1
774042,0.8,4.5,7.6,8,7,946,1,1
774062,0.8,4.9,8.7,7,12,945,1,1
774082,0.8,4.8,8.5,7,15,946,1,1
774102,0.8,4.8,8.6,5,17,946,1,1
774122,0.8,4.8,8.6,10,14,946,1,1
774142,0.8,4.6,8.3,11,8,946,1,1
774162,0.8,4.8,9.0,15,7,946,1,1
774182,0.8,4.8,8.8,8,4,945,1,1
774202,0.9,4.9,8.7,4,6,945,1,1
774222,0.7,4.7,8.6,-1,8,946,1,1
774242,0.8,5.0,8.3,-5,8,948,1,1
774262,1.7,4.6,11.5,-13,7,946,1,1
774282,0.2,4.9,8.8,-21,1,946,1,1
774302,0.8,4.9,8.8,-21,-2,946,1,1
774322,0.7,4.7,8.5,-20,-5,946,1,1
774342,0.8,4.8,8.9,-16,-7,947,1,1
774362,0.8,4.9,8.7,-11,-6,944,1,1
774382,0.8,4.8,8.4,0,0,948,1,1
774402,0.8,4.8,8.6,0,0,945,1,1
774422,0.8,4.8,8.6,0,0,944,1,1
774442,0.8,4.8,8.6,0,0,945,1,1
774462,0.8,4.8,8.6,0,0,947,1,1
774482,0.8,4.8,8.6,0,0,946,1,1
774502,0.8,4.8,8.6,0,0,946,1,1
774522,0.8,4.8,8.6,0,0,946,1,1
774542,0.8,4.8,8.6,0,0,946,1,1
774562,0.8,4.8,8.6,0,0,947,1,1
774582,0.8,4.8,8.6,0,0,945,1,1
774602,0.8,4.8,8.6,0,0,946,1,1
774622,0.8,4.8,8.6,0,0,947,1,1
774642,0.8,4.8,8.6,0,0,946,1,1
774662,0.8,4.8,8.6,0,0,947,1,1
774682,0.8,4.8,8.6,0,0,942,1,1
774702,0.8,4.8,8.6,0,0,945,1,1
774722,0.8,4.8,8.6,0,0,943,1,1
774742,0.8,4.8,8.6,0,0,944,1,1
774762,0.8,4.8,8.6,0,0,948,1,1
774782,0.8,4.8,8.6,0,0,946,1,1
774802,0.8,4.8,8.6,0,0,947,1,1
774822,0.8,4.8,8.6,0,0,945,1,1
774842,0.8,4.8,8.6,0,0,947,1,1
774862,0.8,4.8,8.6,0,0,946,1,1
774882,0.8,4.8,8.6,0,0,945,1,1
774902,0.8,4.8,8.6,0,0,946,1,1
774922,0.8,4.8,8.6,0,0,945,1,1
774942,0.8,4.8,8.6,0,0,947,1,1
774962,0.8,4.8,8.6,0,0,944,1,1
774982,0.8,4.8,8.6,0,0,945,1,1
775002,0.8,4.8,8.6,0,0,944,1,1
775022,0.8,4.8,8.6,0,0,947,1,1
775042,0.8,4.8,8.6,0,0,947,1,1
775062,0.8,4.8,8.6,0,0,946,1,1
775082,0.8,4.8,8.6,0,0,946,1,1
775102,0.8,4.8,8.6,0,0,946,1,1
775122,0.8,4.8,8.6,0,0,945,1,1
775142,0.8,4.8,8.6,0,0,946,1,1
775162,0.8,4.8,8.6,0,0,945,1,1
775182,0.8,4.8,8.6,0,0,946,1,1
775202,0.8,4.8,8.6,0,0,945,1,1
775222,0.8,4.8,8.6,0,0,943,1,1
775242,0.8,4.8,8.6,0,0,946,1,1
775262,0.8,4.8,8.6,0,0,946,1,1
775282,0.8,4.8,8.6,0,0,945,1,1
775302,0.8,4.8,8.6,0,0,946,1,1
775322,0.8,4.8,8.6,0,0,945,1,1
775342,0.8,4.8,8.6,0,0,948,1,1
775362,0.8,4.8,8.6,0,0,947,1,1
775382,0.8,4.8,8.6,0,0,945,1,1
775402,0.8,4.8,8.6,0,0,946,1,1
775422,0.8,4.8,8.6,0,0,946,1,1
775442,0.8,4.8,8.6,0,0,945,1,1
775462,0.8,4.8,8.6,0,0,947,1,1
775482,0.8,4.8,8.6,0,0,942,1,1
775502,0.8,4.8,8.6,0,0,946,1,1
775522,0.8,4.8,8.6,0,0,947,1,1
775542,0.8,4.8,8.6,0,0,945,1,1
775562,0.8,4.8,8.6,0,0,947,1,1
775582,1.2,5.2,8.7,0,0,946,1,1
775602,0.3,4.3,7.9,0,0,945,1,1
775622,0.6,4.4,8.7,0,0,946,1,1
775642,0.7,4.7,8.8,0,0,947,1,1
775662,1.0,5.0,8.8,0,0,945,1,1
775682,0.8,4.8,8.7,-5,-5,947,1,1
775702,0.8,4.8,8.6,-3,-11,947,1,1
775722,0.8,4.8,8.6,2,-12,947,1,1
775742,0.9,4.9,8.6,6,-14,944,1,1
775762,0.8,4.8,8.6,12,-16,943,1,1
775782,0.8,4.8,8.6,12,-15,946,1,1
775802,0.8,4.8,8.6,16,-11,944,1,1
775822,0.8,4.8,8.6,15,-7,947,1,1
775842,0.8,4.8,8.6,13,-4,946,1,1
775862,0.7,4.8,8.6,16,-1,947,1,1
775882,0.8,4.8,8.6,13,0,947,1,1
775902,0.8,4.8,8.8,11,3,945,1,1
775922,0.8,4.8,8.6,8,3,947,1,1
775942,0.8,4.8,8.6,7,7,944,1,1
775962,0.8,4.8,8.6,5,11,946,1,1
775982,0.8,4.8,8.6,6,19,946,1,1
776002,0.8,4.8,8.8,11,18,944,1,1
776022,0.9,4.8,8.4,8,4,944,1,1
776042,0.7,4.7,8.6,3,-1,945,1,1
776062,0.8,4.8,8.7,4,-4,947,1,1
776082,0.9,4.8,8.7,-4,-5,945,1,1
776102,0.8,4.7,8.6,-1,-7,947,1,1
776122,0.6,4.6,8.4,1,-12,946,1,1
776142,0.4,5.0,8.6,-6,-13,946,1,1
776162,0.8,5.0,9.1,-10,32,946,1,1
776182,0.8,4.8,9.1,-20,29,945,1,1
776202,0.7,4.6,8.5,-22,15,946,1,1
776222,0.8,4.7,8.7,-20,6,946,1,1
776242,0.8,4.8,8.6,-19,-1,945,1,1
776262,0.8,4.8,8.6,-16,-5,945,1,1
776282,0.7,4.8,8.6,-14,-6,942,1,1
776302,0.7,4.8,8.5,-12,-8,945,1,1
776322,0.8,4.9,8.6,-7,-7,945,1,1
776342,0.7,4.8,8.6,0,0,946,1,1
776362,0.8,4.8,8.6,0,0,949,1,1
776382,0.8,4.8,8.6,0,0,947,1,1
776402,0.8,4.8,8.6,0,0,946,1,1
776422,0.8,4.8,8.6,0,0,946,1,1
776442,0.8,4.8,8.6,0,0,948,1,1
776462,0.8,4.8,8.6,0,0,945,1,1
776482,0.8,4.8,8.6,0,0,944,1,1
776502,0.8,4.8,8.6,0,0,946,1,1
776522,0.8,4.8,8.6,0,0,943,1,1
776542,0.8,4.8,8.6,0,0,944,1,1
776562,0.8,4.8,8.6,0,0,944,1,1
776582,0.8,4.8,8.6,0,0,945,1,1
776602,0.8,4.8,8.6,0,0,945,1,1
776622,0.8,4.8,8.6,0,0,948,1,1
776642,0.8,4.8,8.6,0,0,944,1,1
776662,0.8,4.8,8.6,0,0,948,1,1
776682,0.8,4.8,8.6,0,0,947,1,1
776702,0.8,4.8,8.6,0,0,946,1,1
776722,0.8,4.8,8.6,0,0,946,1,1
776742,0.8,4.8,8.6,0,0,948,1,1
776762,0.8,4.8,8.6,0,0,944,1,1
776782,0.8,4.8,8.6,0,0,948,1,1
776802,0.8,4.8,8.6,0,0,944,1,1
776822,0.8,4.8,8.6,0,0,945,1,1
776842,0.8,4.8,8.6,0,0,948,1,1
776862,0.8,4.8,8.6,0,0,946,1,1
776882,0.8,4.8,8.6,0,0,948,1,1
776902,0.8,4.8,8.6,0,0,947,1,1
776922,0.8,4.8,8.6,0,0,945,1,1
776942,0.8,4.8,8.6,0,0,946,1,1
776962,0.8,4.8,8.6,0,0,945,1,1
776982,0.8,4.8,8.6,0,0,947,1,1
777002,0.8,4.8,8.6,0,0,945,1,1
777022,0.8,4.8,8.6,0,0,948,1,1
777042,0.8,4.8,8.6,0,0,945,1,1
777062,0.8,4.8,8.6,0,0,944,1,1
777082,0.8,4.8,8.6,0,0,947,1,1
777102,0.8,4.8,8.6,0,0,946,1,1
777122,0.8,4.8,8.6,0,0,945,1,1
777142,0.8,4.8,8.6,0,0,948,1,1
777162,0.8,4.8,8.6,0,0,945,1,1
777182,0.8,4.8,8.6,0,0,945,1,1
777202,0.8,4.8,8.6,0,0,946,1,1
777222,0.8,4.8,8.6,0,0,945,1,1
777242,0.8,4.8,8.6,0,0,945,1,1
777262,0.8,4.8,8.6,0,0,946,1,1
777282,0.8,4.8,8.6,0,0,945,1,1
777302,0.8,4.8,8.6,0,0,947,1,1
777322,0.8,4.8,8.6,0,0,944,1,1
777342,0.8,4.8,8.6,0,0,944,1,1
777362,0.8,4.8,8.6,0,0,945,1,1
777382,0.8,4.8,8.6,0,0,945,1,1
777402,0.8,4.8,8.6,0,0,946,1,1
777422,0.8,4.8,8.6,0,0,947,1,1
777442,0.8,4.8,8.6,0,0,944,1,1
777462,0.8,4.8,8.6,0,0,946,1,1
777482,0.8,4.8,8.6,0,0,945,1,1
777502,0.8,4.8,8.6,0,0,944,1,1
777522,0.8,4.8,8.6,0,0,952,1,1
777542,0.8,4.8,8.6,0,0,945,1,1
777562,0.8,4.8,8.6,0,0,945,1,1
777582,0.8,4.8,8.6,0,0,946,1,1
777602,0.8,4.8,8.6,0,0,945,1,1
777622,0.8,4.8,8.6,0,0,946,1,1
777642,0.8,4.8,8.6,0,0,945,1,1
777662,0.8,4.8,8.6,0,0,947,1,1
777682,0.8,4.8,8.6,0,0,952,1,1
777702,0.8,4.8,8.6,0,0,945,1,1
777722,0.8,4.8,8.6,0,0,948,1,1
777742,0.8,4.8,8.6,0,0,946,1,1
777762,0.8,4.8,8.6,0,0,946,1,1
777782,0.7,4.8,8.6,0,0,945,1,1
777802,0.8,4.8,8.6,0,0,946,1,1
777822,0.8,4.8,8.6,0,0,946,1,1
777842,0.8,4.8,8.6,0,0,931,1,1
777862,0.7,4.8,8.6,0,0,943,1,1
777882,0.8,4.8,8.6,0,0,944,1,1
777902,0.8,4.8,8.6,0,0,946,1,1
777922,0.8,4.8,8.6,0,0,946,1,1
777942,0.8,4.8,8.6,0,0,947,1,1
777962,0.8,4.8,8.6,0,0,945,1,1
777982,0.8,4.8,8.6,0,0,945,1,1
778002,0.8,4.8,8.6,0,0,946,1,1
778022,0.8,4.8,8.6,0,0,945,1,1
778042,0.8,4.8,8.6,0,0,946,1,1
778062,0.7,4.8,8.6,0,0,946,1,1
778082,0.8,4.8,8.6,0,0,944,1,1
778102,0.8,4.8,8.6,0,0,948,1,1
778122,0.8,4.8,8.6,0,0,945,1,1
778142,0.8,4.8,8.6,0,0,945,1,1
778162,0.8,4.8,8.6,0,0,941,1,1
778182,0.7,4.8,8.6,0,0,945,1,1
778202,0.7,4.8,8.6,0,0,946,1,1
778222,0.8,4.8,8.6,0,0,946,1,1
778242,0.8,4.8,8.6,0,0,945,1,1
778262,0.8,4.8,8.6,0,0,944,1,1
778282,0.8,4.8,8.6,0,0,945,1,1
778302,0.8,4.8,8.6,0,0,947,1,1
778322,0.8,4.8,8.6,0,0,943,1,1
778342,0.8,4.8,8.6,0,0,945,1,1
778362,0.8,4.8,8.6,0,0,943,1,1
778382,0.8,4.8,8.6,0,0,943,1,1
778402,0.8,4.8,8.6,0,0,943,1,1
<DISCONNECTED>

