timestamp,Ax,Ay,Az,Dx,Dy,flex,B1,B2
582362,0.7,5.9,7.8,0,0,945,1,1
582382,0.7,5.9,7.9,0,0,946,1,1
582402,0.7,5.9,7.9,0,0,945,1,1
582422,0.7,5.9,7.9,0,0,933,1,1
582442,0.7,5.9,7.9,0,0,945,1,1
582462,0.7,5.9,7.8,0,0,947,1,1
582482,0.7,5.9,7.9,0,0,942,1,1
582502,0.7,5.9,7.9,0,0,945,1,1
582522,0.7,5.9,7.9,0,0,945,1,1
582542,0.7,5.9,7.9,0,0,945,1,1
582562,0.7,5.9,7.9,0,0,948,1,1
582582,0.7,5.9,7.8,0,0,946,1,1
582602,0.7,5.9,7.9,0,0,945,1,1
582622,0.7,5.9,7.9,0,0,946,1,1
582642,0.7,5.9,7.9,0,0,947,1,1
582662,0.7,5.9,7.9,0,0,947,1,1
582682,0.7,5.9,7.9,0,0,945,1,1
582702,0.7,5.9,7.9,0,0,946,1,1
582722,0.7,5.9,7.9,0,0,944,1,1
582742,0.7,5.9,7.9,0,0,944,1,1
582762,0.7,5.9,7.9,0,0,945,1,1
582782,0.7,5.9,7.8,0,0,945,1,1
582802,0.7,5.9,7.9,0,0,946,1,1
582822,0.7,5.9,7.9,0,0,948,1,1
582842,0.7,5.9,7.9,0,0,946,1,1
582862,0.7,5.9,7.9,0,0,948,1,1
582882,0.7,5.9,7.9,0,0,945,1,1
582902,0.7,5.9,7.9,0,0,945,1,1
582922,0.7,5.9,7.9,0,0,944,1,1
582942,0.7,5.9,7.9,0,0,945,1,1
582962,0.7,5.9,7.9,0,0,948,1,1
582982,0.7,5.9,7.9,0,0,945,1,1
583002,0.7,5.9,7.9,0,0,946,1,1
583022,0.7,5.9,7.9,0,0,944,1,1
583042,0.7,5.9,7.9,0,0,945,1,1
583062,0.7,5.9,7.9,0,0,943,1,1
583082,0.7,5.9,7.9,0,0,943,1,1
583102,0.7,5.9,7.9,0,0,948,1,1
583122,0.7,5.9,7.9,0,0,944,1,1
583142,0.7,5.9,7.9,0,0,945,1,1
583162,0.7,5.9,7.8,0,0,943,1,1
583182,0.7,5.9,7.9,0,0,945,1,1
583202,0.7,5.9,7.9,0,0,946,1,1
583222,0.7,5.9,7.9,0,0,947,1,1
583242,0.7,5.9,7.9,0,0,945,1,1
583262,0.7,5.9,7.9,0,0,945,1,1
583282,0.7,5.9,7.9,0,0,943,1,1
583302,0.7,5.9,7.8,0,0,943,1,1
583322,0.7,5.9,7.9,0,0,943,1,1
583342,0.7,5.9,7.9,0,0,947,1,1
583362,0.7,5.9,7.9,0,0,947,1,1
583382,0.7,5.9,7.9,0,0,948,1,1
583402,0.7,5.9,7.9,0,0,949,1,1
583422,0.7,5.9,7.9,0,0,945,1,1
583442,0.7,5.9,7.9,0,0,945,1,1
583462,0.7,5.9,7.9,0,0,946,1,1
583482,0.7,5.9,7.9,0,0,947,1,1
583502,0.7,5.9,7.9,0,0,948,1,1
583522,0.7,5.9,7.9,0,0,946,1,1
583542,0.7,5.9,7.9,0,0,945,1,1
583562,0.7,5.9,7.9,0,0,944,1,1
583582,0.7,5.9,7.9,0,0,945,1,1
583602,0.7,5.9,7.9,0,0,945,1,1
583622,0.7,5.9,7.9,0,0,947,1,1
583642,0.7,5.9,7.9,0,0,946,1,1
583662,0.7,5.9,7.9,0,0,946,1,1
583682,0.7,5.9,7.9,0,0,944,1,1
583702,0.7,5.9,7.9,0,0,946,1,1
583722,0.7,5.9,7.9,0,0,944,1,1
583742,0.7,5.9,7.9,0,0,945,1,1
583762,0.7,5.9,7.9,0,0,943,1,1
583782,0.7,5.9,7.9,0,0,948,1,1
583802,0.7,5.9,7.9,0,0,945,1,1
583822,0.7,5.9,7.9,0,0,943,1,1
583842,0.7,5.9,7.9,0,0,943,1,1
583862,0.7,5.9,7.9,0,0,944,1,1
583882,0.7,5.9,7.9,0,0,948,1,1
583902,0.7,5.9,7.9,0,0,947,1,1
583922,0.7,5.9,7.9,0,0,945,1,1
583942,0.6,5.3,7.2,0,0,945,1,1
583962,0.8,5.5,7.3,0,0,944,1,1
583982,0.7,6.2,8.3,0,0,945,1,1
584002,0.7,6.5,8.1,0,0,944,1,1
584022,0.7,5.9,7.7,0,0,945,1,1
584042,0.8,6.0,8.2,7,31,944,1,1
584062,0.8,5.9,8.3,0,26,945,1,1
584082,0.7,5.7,8.0,-9,14,947,1,1
584102,0.4,5.1,8.2,-12,4,943,1,1
584122,0.5,5.5,7.7,-11,-4,944,1,1
584142,0.5,5.4,8.0,-9,-13,945,1,1
584162,1.2,6.8,8.8,-7,-20,946,1,1
584182,0.4,5.2,6.5,-6,-18,947,1,1
584202,0.8,5.7,7.7,-4,-14,946,1,1
584222,1.4,6.4,8.0,-4,-9,944,1,1
584242,0.6,6.2,8.0,-3,-5,946,1,1
584262,0.7,5.6,8.0,-2,-2,947,1,1
584282,1.0,5.6,6.8,0,0,945,1,1
584302,0.7,5.4,7.6,0,0,944,1,1
584322,0.7,5.8,7.9,0,0,943,1,1
584342,0.7,5.9,7.9,0,0,947,1,1
584362,0.7,5.9,7.9,0,0,945,1,1
584382,0.7,5.9,7.9,0,0,944,1,1
584402,0.7,5.9,7.9,0,0,946,1,1
584422,0.7,5.9,7.8,0,0,945,1,1
584442,0.7,6.0,8.0,0,0,948,1,1
584462,0.7,5.9,7.9,0,0,946,1,1
584482,0.7,5.8,7.8,0,0,946,1,1
584502,0.7,5.8,7.8,0,0,946,1,1
584522,0.7,6.0,7.8,0,0,946,1,1
584542,0.7,5.9,7.8,0,0,947,1,1
584562,0.7,5.9,7.9,0,0,947,1,1
584582,0.7,5.9,7.8,0,0,946,1,1
584602,0.7,5.9,7.9,0,0,945,1,1
584622,0.7,5.9,7.9,0,0,946,1,1
584642,0.7,5.9,7.9,0,0,945,1,1
584662,0.8,5.9,7.8,0,0,946,1,1
584682,0.7,5.9,7.8,0,0,945,1,1
584702,0.7,5.9,7.8,0,0,945,1,1
584722,0.7,5.9,7.9,0,0,947,1,1
584742,0.7,5.8,8.0,0,0,944,1,1
584762,0.7,5.8,7.9,0,0,945,1,1
584782,0.7,6.0,7.8,0,0,943,1,1
584802,0.7,6.0,7.8,0,0,946,1,1
584822,0.7,6.0,7.8,0,0,944,1,1
584842,0.7,5.9,7.9,0,0,947,1,1
584862,0.7,5.8,7.9,0,0,944,1,1
584882,0.7,5.8,7.9,0,0,946,1,1
584902,0.7,5.9,7.9,0,0,947,1,1
584922,0.7,6.0,7.8,0,0,944,1,1
584942,0.7,6.0,7.8,0,0,943,1,1
584962,0.7,5.9,7.8,0,0,948,1,1
584982,0.7,5.8,7.9,0,0,945,1,1
585002,0.7,5.8,8.0,0,0,944,1,1
585022,0.7,5.9,7.9,0,0,948,1,1
585042,0.7,6.0,7.8,0,0,945,1,1
585062,0.7,6.0,7.8,0,0,945,1,1
585082,0.7,5.9,7.9,0,0,945,1,1
585102,0.7,5.8,7.9,0,0,945,1,1
585122,0.7,5.8,7.9,0,0,940,1,1
585142,0.7,5.9,7.8,0,0,945,1,1
585162,0.7,6.0,7.8,0,0,947,1,1
585182,0.7,5.9,7.8,0,0,945,1,1
585202,0.7,5.8,7.8,0,0,945,1,1
585222,0.6,5.8,7.8,0,0,943,1,1
585242,0.7,5.9,8.0,0,0,945,1,1
585262,0.7,6.0,8.1,0,0,944,1,1
585282,0.8,6.3,8.3,0,0,947,1,1
585302,0.9,6.1,8.0,0,0,945,1,1
585322,1.0,6.2,8.9,0,0,944,1,1
585342,0.5,5.3,7.0,0,0,946,1,1
585362,0.7,5.7,8.1,-7,7,945,1,1
585382,0.7,5.7,7.7,-7,9,946,1,1
585402,-11.2,-10.5,-7.9,-6,2,946,1,1
585422,-1.8,2.7,0.5,27,-3,947,1,1
585442,0.8,5.3,9.1,24,25,945,1,1
585462,0.6,5.8,8.2,16,20,946,1,1
585482,0.8,5.9,7.8,6,13,943,1,1
585502,0.8,5.9,7.8,-1,7,945,1,1
585522,0.8,6.0,7.8,-11,7,944,1,1
585542,0.1,5.2,7.5,-14,-3,946,1,1
585562,0.4,5.7,8.0,-14,-14,946,1,1
585582,1.1,7.0,8.0,-12,-16,945,1,1
585602,0.2,4.5,7.1,-9,-16,945,1,1
585622,1.5,4.9,7.8,0,0,946,1,1
585642,0.8,6.0,6.6,0,0,947,1,1
585662,0.7,5.8,7.9,0,0,948,1,1
585682,0.7,5.8,7.9,0,0,944,1,1
585702,0.7,5.9,7.9,0,0,945,1,1
585722,0.7,5.9,7.9,0,0,946,1,1
585742,0.7,5.9,7.9,0,0,941,1,1
585762,0.7,5.9,7.9,0,0,944,1,1
585782,0.7,5.8,7.9,0,0,945,1,1
585802,0.7,5.9,7.9,0,0,943,1,1
585822,0.7,5.9,7.9,0,0,949,1,1
585842,0.7,5.9,7.9,0,0,945,1,1
585862,0.7,5.9,7.9,0,0,946,1,1
585882,0.7,5.9,7.9,0,0,946,1,1
585902,0.7,5.9,7.9,0,0,945,1,1
585922,0.7,5.9,7.9,0,0,946,1,1
585942,0.7,5.9,7.9,0,0,945,1,1
585962,0.7,5.9,7.8,0,0,947,1,1
585982,0.7,5.9,7.9,0,0,946,1,1
586002,0.7,5.9,7.9,0,0,946,1,1
586022,0.7,5.8,7.9,0,0,943,1,1
586042,0.7,5.9,7.9,0,0,945,1,1
586062,0.7,5.9,7.8,0,0,944,1,1
586082,0.7,5.9,7.9,0,0,946,1,1
586102,0.7,5.9,7.9,0,0,946,1,1
586122,0.7,5.9,7.9,0,0,946,1,1
586142,0.7,5.9,7.9,0,0,945,1,1
586162,0.7,5.9,7.9,0,0,945,1,1
586182,0.7,5.9,7.9,0,0,946,1,1
586202,0.7,5.9,7.9,0,0,945,1,1
586222,0.7,5.9,7.9,0,0,947,1,1
586242,0.7,5.9,7.9,0,0,946,1,1
586262,0.7,5.9,7.9,0,0,947,1,1
586282,0.7,5.9,7.9,0,0,945,1,1
586302,0.7,5.9,7.9,0,0,946,1,1
586322,0.7,5.9,7.9,0,0,944,1,1
586342,0.7,5.9,7.8,0,0,946,1,1
586362,0.7,5.9,7.9,0,0,947,1,1
586382,0.7,5.9,7.9,0,0,946,1,1
586402,0.7,5.9,7.9,0,0,946,1,1
586422,0.7,5.9,7.9,0,0,946,1,1
586442,0.7,5.9,7.9,0,0,946,1,1
586462,0.8,5.9,7.9,0,0,946,1,1
586482,0.7,5.9,7.9,0,0,946,1,1
586502,0.7,5.9,7.9,0,0,946,1,1
586522,0.7,5.9,7.9,0,0,945,1,1
586542,0.7,5.9,7.9,0,0,943,1,1
586562,0.7,5.9,7.9,0,0,947,1,1
586582,0.8,5.9,8.0,0,0,944,1,1
586602,0.7,6.4,8.5,0,0,946,1,1
586622,0.3,5.0,6.5,0,0,947,1,1
586642,0.9,6.3,8.9,0,0,945,1,1
586662,0.5,5.5,7.5,0,0,945,1,1
586682,0.7,5.8,8.2,12,8,946,1,1
586702,0.4,5.6,7.9,7,3,945,1,1
586722,0.7,5.4,7.1,9,-6,946,1,1
586742,0.9,5.3,8.1,17,-12,946,1,1
586762,0.5,5.6,7.7,0,0,945,1,1
586782,0.7,5.7,7.7,0,0,944,1,1
586802,0.7,5.9,7.9,0,0,944,1,1
586822,0.7,5.9,7.9,0,0,943,1,1
586842,0.7,5.9,7.9,0,0,945,1,1
586862,0.7,5.9,7.9,0,0,945,1,1
586882,0.7,5.9,7.9,0,0,945,1,1
586902,0.7,5.9,7.9,0,0,944,1,1
586922,0.7,5.9,7.9,0,0,947,1,1
586942,0.7,5.9,7.9,0,0,946,1,1
586962,0.7,5.9,7.9,0,0,945,1,1
586982,0.7,5.9,7.9,0,0,947,1,1
587002,0.8,5.9,7.9,0,0,946,1,1
587022,0.7,5.9,7.9,0,0,944,1,1
587042,0.7,5.9,7.9,0,0,942,1,1
587062,0.7,5.9,7.9,0,0,944,1,1
587082,0.7,5.9,7.9,0,0,944,1,1
587102,0.7,5.9,7.9,0,0,946,1,1
587122,0.8,5.9,7.9,0,0,948,1,1
587142,0.7,5.9,7.9,0,0,945,1,1
587162,0.7,5.9,7.9,0,0,946,1,1
587182,0.7,5.9,7.9,0,0,946,1,1
587202,0.7,5.9,7.9,0,0,947,1,1
587222,0.7,5.9,7.9,0,0,945,1,1
587242,0.7,5.9,7.9,0,0,947,1,1
587262,0.7,5.9,7.9,0,0,946,1,1
587282,0.7,5.9,7.9,0,0,945,1,1
587302,0.7,5.9,7.9,0,0,943,1,1
587322,0.7,5.9,7.9,0,0,944,1,1
587342,0.7,5.9,7.9,0,0,946,1,1
587362,0.7,5.9,7.9,0,0,944,1,1
587382,0.7,5.9,7.9,0,0,948,1,1
587402,0.7,5.9,7.9,0,0,945,1,1
587422,0.7,5.9,7.9,0,0,946,1,1
587442,0.8,5.9,7.9,0,0,946,1,1
587462,0.7,5.9,7.9,0,0,943,1,1
587482,0.7,5.9,7.9,0,0,946,1,1
587502,0.7,5.9,7.9,0,0,946,1,1
587522,0.7,5.9,7.9,0,0,947,1,1
587542,0.8,5.9,7.9,0,0,945,1,1
587562,0.7,5.9,7.9,0,0,944,1,1
587582,0.7,5.9,7.9,0,0,944,1,1
587602,0.7,5.9,7.9,0,0,944,1,1
587622,0.7,5.9,7.9,0,0,945,1,1
587642,0.7,5.9,7.9,0,0,948,1,1
587662,0.7,5.9,7.9,0,0,947,1,1
587682,0.7,5.9,7.9,0,0,946,1,1
587702,0.7,5.9,7.9,0,0,945,1,1
587722,0.7,5.9,7.9,0,0,947,1,1
587742,0.7,5.9,7.9,0,0,948,1,1
587762,0.7,5.9,7.9,0,0,946,1,1
587782,0.7,5.9,7.9,0,0,947,1,1
587802,0.7,5.9,7.9,0,0,945,1,1
587822,0.7,5.9,7.9,0,0,945,1,1
587842,0.7,5.9,7.9,0,0,944,1,1
587862,0.8,5.9,7.9,0,0,945,1,1
587882,0.9,6.0,7.7,0,0,946,1,1
587902,-0.2,4.9,6.7,0,0,947,1,1
587922,0.5,5.3,7.5,0,0,946,1,1
587942,0.6,5.5,7.6,0,0,946,1,1
587962,0.7,5.8,8.0,0,0,946,1,1
587982,0.7,5.4,6.7,-17,-8,947,1,1
588002,0.8,5.8,7.6,-13,-9,947,1,1
588022,0.6,5.7,7.8,-10,-10,944,1,1
588042,0.7,6.2,8.1,0,0,947,1,1
588062,0.7,5.8,7.8,0,0,946,1,1
588082,0.7,5.9,7.8,0,0,944,1,1
588102,0.7,5.9,7.9,0,0,943,1,1
588122,0.7,5.9,7.9,0,0,945,1,1
588142,0.7,5.9,7.9,0,0,943,1,1
588162,0.7,5.9,7.9,0,0,943,1,1
588182,0.8,5.9,7.9,0,0,948,1,1
588202,0.8,5.9,7.9,0,0,946,1,1
588222,0.8,5.9,7.9,0,0,945,1,1
588242,0.7,5.9,7.9,0,0,946,1,1
588262,0.7,5.9,7.9,0,0,947,1,1
588282,0.7,5.9,7.9,0,0,946,1,1
588302,0.7,5.9,7.9,0,0,945,1,1
588322,0.7,5.9,7.9,0,0,946,1,1
588342,0.7,5.9,7.9,0,0,948,1,1
588362,0.8,5.9,7.9,0,0,945,1,1
588382,0.8,5.9,7.9,0,0,944,1,1
588402,0.8,5.9,7.9,0,0,945,1,1
588422,0.7,5.9,7.9,0,0,946,1,1
588442,0.7,5.9,7.9,0,0,947,1,1
588462,0.7,5.9,7.9,0,0,948,1,1
588482,0.7,5.9,7.9,0,0,945,1,1
588502,0.7,5.9,7.9,0,0,947,1,1
588522,0.7,5.9,7.9,0,0,946,1,1
588542,0.8,5.9,7.9,0,0,946,1,1
588562,0.7,5.9,7.9,0,0,946,1,1
588582,0.7,5.9,7.9,0,0,946,1,1
588602,0.7,5.9,7.9,0,0,944,1,1
588622,0.7,5.9,7.9,0,0,946,1,1
588642,0.7,5.9,7.9,0,0,943,1,1
588662,0.7,5.9,7.9,0,0,944,1,1
588682,0.7,5.9,7.9,0,0,946,1,1
588702,0.7,5.9,7.9,0,0,946,1,1
588722,0.7,5.9,7.9,0,0,947,1,1
588742,0.7,5.9,7.9,0,0,944,1,1
588762,0.7,5.9,7.9,0,0,945,1,1
588782,0.7,5.9,7.9,0,0,944,1,1
588802,0.7,5.9,7.9,0,0,946,1,1
588822,0.7,5.9,7.9,0,0,946,1,1
588842,0.7,5.9,7.9,0,0,946,1,1
588862,0.8,5.9,7.9,0,0,945,1,1
588882,0.7,5.9,7.9,0,0,946,1,1
588902,0.7,5.9,7.9,0,0,941,1,1
588922,0.7,5.9,7.9,0,0,944,1,1
588942,0.7,5.9,7.9,0,0,945,1,1
588962,0.7,5.9,7.9,0,0,946,1,1
588982,0.8,6.1,7.9,0,0,948,1,1
589002,0.8,5.9,8.0,0,0,943,1,1
589022,0.6,5.8,7.6,0,0,946,1,1
589042,0.4,5.5,7.1,0,0,946,1,1
589062,0.4,5.1,7.3,0,0,945,1,1
589082,-0.1,8.6,12.8,17,-10,943,1,1
589102,0.6,5.7,9.3,14,-18,943,1,1
589122,0.7,5.8,8.0,9,-14,945,1,1
589142,0.7,5.8,7.9,0,0,945,1,1
589162,0.7,5.9,7.9,0,0,944,1,1
589182,0.7,5.9,7.9,0,0,946,1,1
589202,0.7,5.9,7.9,0,0,944,1,1
589222,0.7,5.9,7.9,0,0,946,1,1
589242,0.7,5.9,7.9,0,0,947,1,1
589262,0.7,5.9,7.9,0,0,947,1,1
589282,0.7,5.9,7.9,0,0,945,1,1
589302,0.7,5.9,7.9,0,0,947,1,1
589322,0.7,5.9,7.9,0,0,944,1,1
589342,0.7,5.9,7.9,0,0,946,1,1
589362,0.7,5.9,7.9,0,0,946,1,1
589382,0.7,5.9,7.9,0,0,946,1,1
589402,0.7,5.9,7.9,0,0,944,1,1
589422,0.7,5.9,7.8,0,0,944,1,1
589442,0.7,5.9,7.9,0,0,943,1,1
589462,0.7,5.9,7.9,0,0,945,1,1
589482,0.7,5.9,7.9,0,0,945,1,1
589502,0.7,5.9,7.9,0,0,945,1,1
589522,0.7,5.9,7.9,0,0,948,1,1
589542,0.7,5.9,7.9,0,0,946,1,1
589562,0.7,5.9,7.9,0,0,948,1,1
589582,0.7,5.9,7.9,0,0,945,1,1
589602,0.7,5.9,7.9,0,0,946,1,1
589622,0.7,5.9,7.9,0,0,946,1,1
589642,0.7,5.9,7.9,0,0,945,1,1
589662,0.7,5.9,7.9,0,0,947,1,1
589682,0.7,5.9,7.9,0,0,944,1,1
589702,0.7,5.9,7.9,0,0,944,1,1
589722,0.7,5.9,7.9,0,0,944,1,1
589742,0.7,5.9,7.9,0,0,943,1,1
589762,0.7,5.9,7.9,0,0,945,1,1
589782,0.7,5.9,7.9,0,0,947,1,1
589802,0.7,5.9,7.9,0,0,948,1,1
589822,0.7,5.9,7.9,0,0,947,1,1
589842,0.7,5.9,7.9,0,0,943,1,1
589862,0.7,5.9,7.9,0,0,946,1,1
589882,0.7,5.9,7.9,0,0,946,1,1
589902,0.7,5.9,7.9,0,0,945,1,1
589922,0.7,5.9,7.9,0,0,945,1,1
589942,0.7,5.9,7.9,0,0,947,1,1
589962,0.7,5.9,7.9,0,0,947,1,1
589982,0.7,5.9,7.9,0,0,947,1,1
590002,0.7,5.9,7.9,0,0,943,1,1
590022,0.7,5.9,7.9,0,0,944,1,1
590042,0.7,5.9,7.9,0,0,946,1,1
590062,0.7,5.9,7.9,0,0,946,1,1
590082,0.7,5.9,7.9,0,0,949,1,1
590102,0.7,5.8,7.9,0,0,946,1,1
590122,0.8,6.1,8.1,0,0,946,1,1
590142,-0.1,5.9,8.9,0,0,946,1,1
590162,0.5,5.8,8.3,0,0,946,1,1
590182,0.7,5.9,8.2,0,0,946,1,1
590202,0.7,5.7,7.8,-4,33,945,1,1
590222,0.7,5.9,8.3,-14,31,946,1,1
590242,2.4,8.4,9.8,-17,17,946,1,1
590262,0.3,5.3,7.7,-15,0,945,1,1
590282,0.7,5.3,7.4,-13,-9,944,1,1
590302,0.8,5.9,7.8,-11,-13,945,1,1
590322,0.8,5.9,7.9,-8,-13,946,1,1
590342,0.7,6.0,7.9,-4,-13,948,1,1
590362,0.7,6.0,8.0,0,0,946,1,1
590382,0.7,5.9,7.9,0,0,946,1,1
590402,0.7,5.9,7.9,0,0,945,1,1
590422,0.7,5.9,7.8,0,0,947,1,1
590442,0.7,5.9,7.9,0,0,946,1,1
590462,0.7,5.9,7.9,0,0,946,1,1
590482,0.7,5.9,7.9,0,0,947,1,1
590502,0.7,5.9,7.8,0,0,946,1,1
590522,0.7,5.9,7.9,0,0,947,1,1
590542,0.7,5.9,7.9,0,0,944,1,1
590562,0.7,5.9,7.9,0,0,945,1,1
590582,0.7,5.9,7.9,0,0,946,1,1
590602,0.7,5.9,7.9,0,0,943,1,1
590622,0.7,5.9,7.8,0,0,948,1,1
590642,0.7,5.9,7.8,0,0,945,1,1
590662,0.7,5.9,7.9,0,0,946,1,1
590682,0.7,5.9,7.9,0,0,946,1,1
590702,0.7,5.9,7.9,0,0,946,1,1
590722,0.7,5.9,7.9,0,0,947,1,1
590742,0.7,5.9,7.9,0,0,946,1,1
590762,0.7,5.9,7.8,0,0,946,1,1
590782,0.7,5.9,7.9,0,0,945,1,1
590802,0.7,5.9,7.9,0,0,946,1,1
590822,0.7,5.9,7.9,0,0,943,1,1
590842,0.7,5.9,7.9,0,0,945,1,1
590862,0.7,5.9,7.9,0,0,944,1,1
590882,0.7,5.9,7.9,0,0,946,1,1
590902,0.7,5.9,7.9,0,0,949,1,1
590922,0.7,5.9,7.9,0,0,946,1,1
590942,0.7,5.9,7.9,0,0,947,1,1
590962,0.7,5.9,7.9,0,0,944,1,1
590982,0.7,5.9,7.9,0,0,945,1,1
591002,0.7,5.9,7.9,0,0,946,1,1
591022,0.7,5.9,7.8,0,0,945,1,1
591042,0.7,5.9,7.9,0,0,947,1,1
591062,0.7,5.9,7.9,0,0,947,1,1
591082,0.7,5.9,7.9,0,0,944,1,1
591102,0.7,5.9,7.9,0,0,945,1,1
591122,0.7,5.9,7.9,0,0,945,1,1
591142,0.7,5.9,7.9,0,0,943,1,1
591162,0.7,5.9,7.9,0,0,945,1,1
591182,0.7,5.9,7.9,0,0,946,1,1
591202,0.7,5.9,7.9,0,0,944,1,1
591222,0.7,5.9,8.1,0,0,945,1,1
591242,0.7,5.8,7.9,0,0,943,1,1
591262,0.8,6.0,7.8,0,0,945,1,1
591282,1.3,7.0,8.0,0,0,946,1,1
591302,1.6,5.5,8.2,0,0,945,1,1
591322,0.9,5.0,7.2,0,18,945,1,1
591342,0.9,5.6,7.3,-2,3,946,1,1
591362,0.1,6.2,8.5,-3,-10,943,1,1
591382,0.6,5.3,8.5,-2,-14,945,1,1
591402,0.7,5.6,7.9,-2,-12,945,1,1
591422,0.7,5.8,7.9,0,0,960,1,1
591442,0.7,5.9,7.9,0,0,948,1,1
591462,0.7,5.9,7.9,0,0,948,1,1
591482,0.7,5.9,7.9,0,0,947,1,1
591502,0.7,5.9,7.9,0,0,946,1,1
591522,0.7,5.9,7.9,0,0,947,1,1
591542,0.7,5.9,7.8,0,0,945,1,1
591562,0.7,5.9,7.9,0,0,944,1,1
591582,0.7,5.9,7.9,0,0,943,1,1
591602,0.7,5.9,7.9,0,0,945,1,1
591622,0.7,5.9,7.9,0,0,943,1,1
591642,0.7,5.9,7.9,0,0,945,1,1
591662,0.7,5.9,7.9,0,0,946,1,1
591682,0.7,5.9,7.9,0,0,947,1,1
591702,0.7,5.9,7.9,0,0,945,1,1
591722,0.7,5.9,7.9,0,0,947,1,1
591742,0.7,5.9,7.9,0,0,946,1,1
591762,0.7,5.9,7.9,0,0,945,1,1
591782,0.7,5.9,7.8,0,0,946,1,1
591802,0.7,5.9,7.9,0,0,945,1,1
591822,0.7,5.9,7.9,0,0,944,1,1
591842,0.7,5.9,7.9,0,0,947,1,1
591862,0.7,5.9,7.9,0,0,946,1,1
591882,0.7,5.9,7.9,0,0,945,1,1
591902,0.7,5.9,7.9,0,0,946,1,1
591922,0.7,5.9,7.9,0,0,944,1,1
591942,0.7,5.9,7.9,0,0,945,1,1
591962,0.7,5.9,7.9,0,0,945,1,1
591982,0.7,5.9,7.9,0,0,946,1,1
592002,0.7,5.9,7.9,0,0,947,1,1
592022,0.7,5.9,7.9,0,0,944,1,1
592042,0.7,5.9,7.9,0,0,946,1,1
592062,0.7,5.9,7.9,0,0,947,1,1
592082,0.7,5.9,7.9,0,0,946,1,1
592102,0.7,5.9,7.9,0,0,945,1,1
592122,0.7,5.9,7.9,0,0,947,1,1
592142,0.7,5.9,7.8,0,0,946,1,1
592162,0.7,5.9,7.9,0,0,946,1,1
592182,0.7,5.9,7.9,0,0,943,1,1
592202,0.7,5.9,7.9,0,0,945,1,1
592222,0.7,5.9,7.9,0,0,946,1,1
592242,0.7,5.9,7.9,0,0,944,1,1
592262,0.7,5.9,7.8,0,0,947,1,1
592282,0.7,5.9,7.8,0,0,945,1,1
592302,0.7,5.9,7.9,0,0,947,1,1
592322,0.7,5.9,7.9,0,0,946,1,1
592342,0.8,6.2,8.0,0,0,946,1,1
592362,0.6,5.4,7.5,0,0,947,1,1
592382,0.7,5.8,8.3,0,0,945,1,1
592402,0.6,5.7,7.7,0,0,943,1,1
592422,2.0,3.2,8.2,0,0,946,1,1
592442,0.9,4.5,7.3,-7,2,944,1,1
592462,-0.4,5.3,8.8,-8,-9,943,1,1
592482,0.6,5.9,7.1,-6,-17,946,1,1
592502,0.8,6.0,7.9,-5,-16,946,1,1
592522,0.7,5.9,7.9,-4,-8,948,1,1
592542,0.7,6.1,8.1,0,0,946,1,1
592562,0.7,6.0,8.0,0,0,947,1,1
592582,0.7,5.9,7.9,0,0,948,1,1
592602,0.7,5.9,7.9,0,0,946,1,1
592622,0.7,5.9,7.9,0,0,946,1,1
592642,0.7,5.9,7.9,0,0,947,1,1
592662,0.7,5.9,7.8,0,0,947,1,1
592682,0.7,5.9,7.9,0,0,946,1,1
592702,0.7,5.9,7.9,0,0,945,1,1
592722,0.7,5.9,7.9,0,0,944,1,1
592742,0.7,5.9,7.9,0,0,946,1,1
592762,0.7,5.9,7.8,0,0,945,1,1
592782,0.7,5.9,7.9,0,0,945,1,1
592802,0.7,5.9,7.9,0,0,948,1,1
592822,0.8,5.9,7.9,0,0,945,1,1
592842,0.7,5.9,7.9,0,0,943,1,1
592862,0.7,5.9,7.9,0,0,945,1,1
592882,0.7,5.9,7.9,0,0,945,1,1
592902,0.7,5.9,7.9,0,0,947,1,1
592922,0.7,5.9,7.9,0,0,945,1,1
592942,0.7,5.9,7.9,0,0,945,1,1
592962,0.7,5.9,7.9,0,0,945,1,1
592982,0.7,5.9,7.9,0,0,943,1,1
593002,0.7,5.9,7.8,0,0,945,1,1
593022,0.7,5.9,7.9,0,0,944,1,1
593042,0.7,5.9,7.9,0,0,944,1,1
593062,0.7,5.9,7.9,0,0,948,1,1
593082,0.7,5.9,7.9,0,0,948,1,1
593102,0.7,5.9,7.9,0,0,946,1,1
593122,0.7,5.9,7.9,0,0,944,1,1
593142,0.7,5.9,7.9,0,0,945,1,1
593162,0.7,5.9,7.9,0,0,948,1,1
593182,0.7,5.9,7.9,0,0,946,1,1
593202,0.7,5.9,7.9,0,0,946,1,1
593222,0.7,5.9,7.9,0,0,947,1,1
593242,0.7,5.9,7.9,0,0,945,1,1
593262,0.7,5.9,7.9,0,0,943,1,1
593282,0.7,5.9,7.9,0,0,946,1,1
593302,0.7,5.9,7.9,0,0,946,1,1
593322,0.7,5.9,7.9,0,0,943,1,1
593342,0.7,5.9,8.3,0,0,947,1,1
593362,0.7,5.8,7.8,0,0,947,1,1
593382,0.7,5.9,7.9,0,0,944,1,1
593402,0.7,6.0,7.7,0,0,947,1,1
593422,0.6,6.6,8.6,5,15,945,1,1
593442,0.2,5.6,7.5,2,27,946,1,1
593462,0.6,5.5,7.7,1,23,945,1,1
593482,0.8,5.7,7.7,-5,15,946,1,1
593502,0.6,5.7,7.8,-10,7,944,1,1
593522,0.8,5.7,8.2,-12,-1,944,1,1
593542,0.6,5.6,8.2,-12,-6,943,1,1
593562,0.8,5.8,8.2,-11,-13,943,1,1
593582,0.9,5.0,7.9,-9,-20,946,1,1
593602,0.8,5.7,7.9,-8,-19,944,1,1
593622,0.8,5.8,7.8,-7,-15,943,1,1
593642,0.7,5.7,7.5,-5,-13,945,1,1
593662,0.7,5.9,8.0,-5,-10,945,1,1
593682,0.6,6.0,8.0,-4,-7,945,1,1
593702,0.8,7.2,8.2,-3,-5,946,1,1
593722,0.9,5.8,8.0,-2,-4,946,1,1
593742,0.6,5.0,8.0,0,0,944,1,1
593762,0.7,5.8,7.8,0,0,948,1,1
593782,0.7,5.8,7.9,0,0,945,1,1
593802,0.7,5.9,7.9,0,0,945,1,1
593822,0.7,5.9,7.9,0,0,946,1,1
593842,0.7,5.9,7.9,0,0,944,1,1
593862,0.7,5.9,7.9,0,0,943,1,1
593882,0.7,5.9,7.9,0,0,944,1,1
593902,0.8,5.9,7.9,0,0,946,1,1
593922,0.8,5.9,7.9,0,0,948,1,1
593942,0.7,5.9,7.9,0,0,946,1,1
593962,0.7,5.9,7.9,0,0,945,1,1
593982,0.7,5.9,7.9,0,0,945,1,1
594002,0.7,5.9,7.9,0,0,946,1,1
594022,0.7,5.9,7.9,0,0,946,1,1
594042,0.7,5.9,7.9,0,0,944,1,1
594062,0.7,5.9,7.9,0,0,945,1,1
594082,0.8,5.9,7.9,0,0,947,1,1
594102,0.7,5.9,7.9,0,0,943,1,1
594122,0.7,5.9,7.9,0,0,945,1,1
594142,0.7,5.9,7.9,0,0,945,1,1
594162,0.7,5.9,7.9,0,0,946,1,1
594182,0.7,5.9,7.9,0,0,947,1,1
594202,0.7,5.9,7.9,0,0,945,1,1
594222,0.7,5.9,7.9,0,0,944,1,1
594242,0.7,5.9,7.9,0,0,943,1,1
594262,0.7,5.9,7.9,0,0,946,1,1
594282,0.7,5.9,7.9,0,0,945,1,1
594302,0.7,5.9,7.9,0,0,945,1,1
594322,0.7,5.9,7.9,0,0,946,1,1
594342,0.7,5.9,7.9,0,0,946,1,1
594362,0.7,5.9,7.9,0,0,946,1,1
594382,0.7,5.9,7.9,0,0,944,1,1
594402,0.7,5.9,7.9,0,0,944,1,1
594422,0.7,5.9,7.9,0,0,946,1,1
594442,0.7,5.9,7.9,0,0,946,1,1
594462,0.7,5.9,7.9,0,0,947,1,1
594482,0.7,5.9,7.9,0,0,945,1,1
594502,0.7,5.9,7.9,0,0,945,1,1
594522,0.7,6.0,8.0,0,0,944,1,1
594542,0.7,6.0,7.9,0,0,943,1,1
594562,0.7,6.0,7.9,0,0,941,1,1
594582,0.8,6.0,7.9,0,0,945,1,1
594602,0.7,5.9,7.8,0,0,945,1,1
594622,0.7,5.9,7.9,0,0,946,1,1
594642,0.7,5.9,7.9,0,0,945,1,1
594662,0.7,5.9,7.9,0,0,944,1,1
594682,0.7,5.9,7.9,0,0,943,1,1
594702,0.7,5.9,7.9,0,0,943,1,1
594722,0.7,5.9,7.9,0,0,945,1,1
594742,0.8,6.0,7.9,0,0,947,1,1
594762,0.7,5.8,7.8,0,0,945,1,1
594782,0.8,6.2,8.0,0,0,945,1,1
594802,0.7,5.9,8.0,0,0,945,1,1
594822,0.6,5.7,7.9,0,0,945,1,1
594842,0.2,7.3,7.8,0,0,946,1,1
594862,0.7,5.7,7.7,0,0,945,1,1
594882,0.7,5.9,8.0,0,0,948,1,1
594902,0.7,5.8,7.9,5,2,946,1,1
594922,0.7,5.8,7.9,1,2,944,1,1
594942,0.7,5.8,7.9,6,1,945,1,1
594962,0.7,5.7,8.1,6,3,945,1,1
594982,0.7,5.7,7.7,0,28,946,1,1
595002,0.7,5.8,7.9,-3,41,946,1,1
595022,0.7,5.8,7.9,-6,25,948,1,1
595042,0.7,5.9,7.9,-13,14,945,1,1
595062,0.7,5.8,8.0,-14,5,946,1,1
595082,0.7,5.7,7.9,-14,0,944,1,1
595102,0.8,6.1,8.1,-13,-5,944,1,1
595122,0.8,5.9,7.9,-11,-7,944,1,1
595142,0.7,5.8,7.9,-9,-11,946,1,1
595162,0.7,5.8,7.8,-7,-13,944,1,1
595182,0.5,5.6,7.9,-6,-11,945,1,1
595202,0.8,5.7,8.0,-4,-12,944,1,1
595222,0.7,5.9,7.9,-2,-14,944,1,1
595242,0.7,5.8,7.9,-1,-13,945,1,1
595262,0.7,5.8,7.9,-1,-11,944,1,1
595282,0.7,5.8,7.9,-1,-10,947,1,1
595302,0.7,5.8,7.9,0,-8,945,1,1
595322,0.7,5.8,7.9,0,-7,944,1,1
595342,0.7,5.8,7.9,0,-5,947,1,1
595362,0.7,6.0,7.9,0,-3,945,1,1
595382,0.5,5.9,8.1,0,-3,948,1,1
595402,0.6,5.8,8.1,0,-2,947,1,1
595422,0.7,5.9,7.9,0,0,945,1,1
595442,0.7,5.8,8.0,0,0,945,1,1
595462,0.7,5.9,7.9,0,0,944,1,1
595482,0.7,5.9,7.9,0,0,944,1,1
595502,0.7,5.9,7.9,0,0,944,1,1
595522,0.7,5.9,7.9,0,0,947,1,1
595542,0.7,5.9,7.9,0,0,945,1,1
595562,0.7,5.9,7.9,0,0,947,1,1
595582,0.7,5.9,7.9,0,0,946,1,1
595602,0.7,5.9,7.9,0,0,946,1,1
595622,0.7,5.9,7.9,0,0,945,1,1
595642,0.7,5.9,7.9,0,0,947,1,1
595662,0.7,5.9,7.9,0,0,945,1,1
595682,0.7,5.9,7.9,0,0,946,1,1
595702,0.7,5.9,7.9,0,0,944,1,1
595722,0.7,5.9,7.9,0,0,946,1,1
595742,0.7,5.9,7.9,0,0,944,1,1
595762,0.7,5.9,7.9,0,0,946,1,1
595782,0.7,5.9,7.9,0,0,944,1,1
595802,0.7,5.9,7.9,0,0,944,1,1
595822,0.7,5.9,7.9,0,0,946,1,1
595842,0.7,5.9,7.9,0,0,945,1,1
595862,0.7,5.9,7.9,0,0,944,1,1
595882,0.7,5.9,7.9,0,0,946,1,1
595902,0.7,5.9,7.9,0,0,947,1,1
595922,0.7,5.9,7.9,0,0,945,1,1
595942,0.7,5.9,7.9,0,0,944,1,1
595962,0.8,5.9,7.9,0,0,948,1,1
595982,0.7,5.9,7.9,0,0,944,1,1
596002,0.7,5.9,7.9,0,0,948,1,1
596022,0.7,5.8,8.0,0,0,943,1,1
596042,0.7,6.0,7.9,0,0,944,1,1
596062,0.7,5.9,7.9,0,0,944,1,1
596082,0.7,5.8,7.9,0,0,943,1,1
596102,0.7,5.8,7.9,0,0,948,1,1
596122,0.7,5.8,8.0,25,2,944,1,1
596142,0.7,5.7,8.0,24,2,941,1,1
596162,0.7,5.7,7.6,19,12,946,1,1
596182,0.7,5.8,8.0,8,29,945,1,1
596202,0.6,5.8,7.8,3,23,943,1,1
596222,0.7,5.6,8.0,-4,7,945,1,1
596242,0.8,6.8,8.5,-9,-4,946,1,1
596262,0.4,5.5,7.9,-9,-9,943,1,1
596282,0.7,5.8,8.0,-7,-11,943,1,1
596302,0.8,5.9,8.0,-4,-10,944,1,1
596322,0.7,5.8,7.8,-2,-4,946,1,1
596342,0.7,5.8,7.7,0,0,948,1,1
596362,0.7,5.9,7.9,0,0,949,1,1
596382,0.7,5.9,7.9,0,0,947,1,1
596402,0.7,5.9,7.9,0,0,945,1,1
596422,0.7,5.9,7.9,0,0,946,1,1
596442,0.7,5.9,7.9,0,0,945,1,1
596462,0.7,5.9,7.9,0,0,947,1,1
596482,0.7,5.9,7.9,0,0,947,1,1
596502,0.7,5.9,7.9,0,0,945,1,1
596522,0.7,5.9,7.9,0,0,947,1,1
596542,0.7,5.9,7.9,0,0,945,1,1
596562,0.7,5.9,7.8,0,0,945,1,1
596582,0.7,5.9,7.9,0,0,943,1,1
596602,0.7,5.9,7.9,0,0,946,1,1
596622,0.7,5.9,7.9,0,0,948,1,1
596642,0.7,5.9,7.9,0,0,946,1,1
596662,0.7,5.9,7.8,0,0,945,1,1
596682,0.7,5.9,7.9,0,0,945,1,1
596702,0.7,5.9,7.9,0,0,946,1,1
596722,0.7,5.9,7.9,0,0,945,1,1
596742,0.7,5.9,7.9,0,0,946,1,1
596762,0.7,5.9,7.9,0,0,945,1,1
596782,0.7,5.9,7.9,0,0,945,1,1
596802,0.7,5.9,7.9,0,0,946,1,1
596822,0.7,5.9,7.9,0,0,945,1,1
596842,0.7,5.9,7.9,0,0,948,1,1
596862,0.7,5.9,7.9,0,0,946,1,1
596882,0.7,5.9,7.9,0,0,946,1,1
596902,0.7,5.9,7.9,0,0,946,1,1
596922,0.7,5.9,7.9,0,0,944,1,1
596942,0.7,5.9,7.9,0,0,946,1,1
596962,0.7,5.9,7.9,0,0,945,1,1
596982,0.7,5.9,7.9,0,0,945,1,1
597002,0.7,5.9,7.9,0,0,945,1,1
597022,0.7,5.9,7.9,0,0,946,1,1
597042,0.7,5.9,7.9,0,0,946,1,1
597062,0.7,5.9,7.9,0,0,944,1,1
597082,0.7,5.9,7.9,0,0,950,1,1
597102,0.7,5.9,7.9,0,0,944,1,1
597122,0.7,5.9,7.9,0,0,945,1,1
597142,0.7,5.9,7.9,0,0,946,1,1
597162,0.7,5.9,7.9,0,0,947,1,1
597182,0.7,5.9,7.9,0,0,946,1,1
597202,0.7,5.9,7.8,0,0,946,1,1
597222,0.7,5.9,7.9,0,0,945,1,1
597242,0.7,5.9,7.9,0,0,922,1,1
597262,0.7,5.9,7.9,0,0,945,1,1
597282,0.7,5.9,7.9,0,0,945,1,1
597302,0.7,5.9,7.9,0,0,946,1,1
597322,0.7,5.9,7.9,0,0,946,1,1
597342,0.7,5.9,7.9,0,0,947,1,1
597362,0.7,5.9,7.9,0,0,945,1,1
597382,0.7,5.9,7.9,0,0,947,1,1
597402,0.7,5.9,7.9,0,0,944,1,1
597422,0.7,5.9,7.9,0,0,946,1,1
597442,0.7,5.9,7.9,0,0,946,1,1
597462,0.7,5.9,7.9,0,0,945,1,1
597482,0.7,5.9,7.9,0,0,947,1,1
597502,0.7,5.9,7.9,0,0,947,1,1
597522,0.7,5.9,7.9,0,0,946,1,1
597542,0.7,5.9,7.9,0,0,945,1,1
597562,0.7,5.9,7.9,0,0,947,1,1
597582,0.7,5.9,7.9,0,0,947,1,1
597602,0.7,5.9,7.9,0,0,946,1,1
597622,0.7,5.9,7.9,0,0,943,1,1
597642,0.7,5.8,7.9,0,0,946,1,1
597662,0.7,5.9,7.9,0,0,945,1,1
597682,0.7,5.9,7.9,0,0,944,1,1
597702,0.7,5.7,7.6,0,0,948,1,1
597722,0.7,5.9,7.8,0,0,942,1,1
597742,0.9,6.2,8.7,5,3,945,1,1
597762,0.9,6.1,8.4,0,13,946,1,1
597782,0.7,5.8,8.1,-11,35,946,1,1
597802,1.0,6.6,8.7,-19,23,946,1,1
597822,0.6,6.0,7.8,-20,5,945,1,1
597842,0.7,6.2,7.9,-18,-4,946,1,1
597862,0.8,6.0,7.9,-14,-9,945,1,1
597882,0.7,5.8,7.6,-12,-7,943,1,1
597902,0.7,5.9,7.9,0,0,945,1,1
597922,0.7,5.9,7.9,0,0,946,1,1
597942,0.7,5.9,7.9,0,0,945,1,1
597962,0.7,6.0,7.9,0,0,948,1,1
597982,0.7,5.9,7.8,0,0,944,1,1
598002,0.7,5.9,7.9,0,0,946,1,1
598022,0.7,5.9,7.9,0,0,948,1,1
598042,0.7,5.9,7.9,0,0,945,1,1
598062,0.7,5.9,7.9,0,0,945,1,1
598082,0.7,5.9,7.9,0,0,945,1,1
598102,0.7,5.9,7.9,0,0,945,1,1
598122,0.7,5.9,7.9,0,0,945,1,1
598142,0.7,5.9,7.9,0,0,943,1,1
598162,0.7,5.9,7.9,0,0,944,1,1
598182,0.7,5.9,7.9,0,0,945,1,1
598202,0.7,5.9,7.8,0,0,946,1,1
598222,0.7,5.9,7.9,0,0,947,1,1
598242,0.7,5.9,7.9,0,0,945,1,1
598262,0.7,5.9,7.9,0,0,945,1,1
598282,0.7,5.9,7.9,0,0,945,1,1
598302,0.7,5.9,7.9,0,0,947,1,1
598322,0.7,5.9,7.9,0,0,945,1,1
598342,0.7,5.9,7.9,0,0,946,1,1
598362,0.7,5.9,7.9,0,0,946,1,1
598382,0.7,5.9,7.9,0,0,944,1,1
598402,0.7,5.9,7.9,0,0,942,1,1
598422,0.7,5.9,7.9,0,0,944,1,1
598442,0.7,5.9,7.9,0,0,946,1,1
598462,0.7,5.9,7.9,0,0,945,1,1
598482,0.7,5.9,7.9,0,0,947,1,1
598502,0.7,5.9,7.9,0,0,946,1,1
598522,0.7,5.9,7.9,0,0,946,1,1
598542,0.7,5.9,7.9,0,0,946,1,1
598562,0.7,5.9,7.9,0,0,946,1,1
598582,0.7,5.9,7.9,0,0,946,1,1
598602,0.7,5.9,7.9,0,0,945,1,1
598622,0.7,5.9,7.9,0,0,945,1,1
598642,0.7,5.9,7.9,0,0,944,1,1
598662,0.7,5.9,7.9,0,0,944,1,1
598682,0.7,5.9,7.9,0,0,944,1,1
598702,0.7,5.9,7.9,0,0,945,1,1
598722,0.7,5.9,7.8,0,0,945,1,1
598742,0.7,5.9,7.8,0,0,947,1,1
598762,0.7,5.9,7.9,0,0,946,1,1
598782,0.7,5.9,7.9,0,0,945,1,1
598802,0.7,5.9,7.9,0,0,945,1,1
598822,0.7,5.9,7.9,0,0,945,1,1
598842,0.7,5.9,7.9,0,0,945,1,1
598862,0.7,5.9,7.9,0,0,947,1,1
598882,0.7,5.9,7.9,0,0,945,1,1
598902,0.7,5.5,7.7,0,0,945,1,1
598922,0.8,5.9,7.6,0,0,942,1,1
598942,1.3,5.4,7.2,0,0,946,1,1
598962,0.5,6.1,8.0,0,0,944,1,1
598982,0.7,6.2,8.2,0,0,946,1,1
599002,0.9,4.9,6.5,0,-11,945,1,1
599022,0.8,5.7,7.8,-1,-20,946,1,1
599042,0.7,5.9,7.9,-1,-18,946,1,1
599062,0.9,6.1,7.8,-1,-11,946,1,1
599082,0.7,6.0,8.0,0,0,946,1,1
599102,0.7,6.0,7.9,0,0,945,1,1
599122,0.7,5.9,7.9,0,0,946,1,1
599142,0.7,5.9,7.9,0,0,945,1,1
599162,0.7,5.9,7.9,0,0,944,1,1
599182,0.7,5.9,7.9,0,0,944,1,1
599202,0.7,5.9,7.8,0,0,943,1,1
599222,0.7,5.9,7.9,0,0,946,1,1
599242,0.7,5.9,7.9,0,0,946,1,1
599262,0.7,5.9,7.9,0,0,947,1,1
599282,0.7,5.9,7.9,0,0,946,1,1
599302,0.7,5.9,7.9,0,0,946,1,1
599322,0.7,5.9,7.9,0,0,946,1,1
599342,0.7,5.9,7.9,0,0,947,1,1
599362,0.7,5.9,7.9,0,0,945,1,1
599382,0.7,5.9,7.9,0,0,948,1,1
599402,0.7,5.9,7.9,0,0,944,1,1
599422,0.7,5.9,7.9,0,0,944,1,1
599442,0.7,5.9,7.9,0,0,945,1,1
599462,0.7,5.9,7.9,0,0,944,1,1
599482,0.7,5.9,7.9,0,0,945,1,1
599502,0.7,5.9,7.9,0,0,950,1,1
599522,0.7,5.9,7.9,0,0,947,1,1
599542,0.7,5.9,7.9,0,0,945,1,1
599562,0.7,5.9,7.9,0,0,946,1,1
599582,0.7,5.9,7.9,0,0,945,1,1
599602,0.7,5.9,7.9,0,0,945,1,1
599622,0.7,5.9,7.9,0,0,944,1,1
599642,0.7,5.9,7.9,0,0,948,1,1
599662,0.7,5.9,7.8,0,0,945,1,1
599682,0.7,5.9,7.9,0,0,942,1,1
599702,0.7,5.9,7.9,0,0,944,1,1
599722,0.7,5.9,7.9,0,0,944,1,1
599742,0.7,5.9,7.9,0,0,944,1,1
599762,0.7,5.9,7.9,0,0,946,1,1
599782,0.7,5.9,7.9,0,0,946,1,1
599802,0.7,5.9,7.9,0,0,943,1,1
599822,0.7,5.9,7.9,0,0,947,1,1
599842,0.7,5.9,7.9,0,0,945,1,1
599862,0.7,5.9,7.9,0,0,944,1,1
599882,0.7,5.9,7.9,0,0,948,1,1
599902,0.7,5.9,7.9,0,0,945,1,1
599922,0.7,5.9,7.9,0,0,947,1,1
599942,0.7,5.9,7.9,0,0,943,1,1
599962,0.7,5.9,7.9,0,0,944,1,1
599982,0.7,5.9,7.9,0,0,946,1,1
600002,0.8,6.4,8.3,0,0,947,1,1
600022,0.7,5.9,7.9,0,0,946,1,1
600042,0.7,5.9,8.1,0,0,944,1,1
600062,0.7,5.9,7.9,0,0,946,1,1
600082,0.7,5.9,8.0,0,0,945,1,1
600102,0.8,5.9,7.7,0,0,944,1,1
600122,0.5,5.4,7.3,7,10,945,1,1
600142,0.6,5.7,7.7,3,2,947,1,1
600162,0.6,4.6,8.8,7,0,948,1,1
600182,0.5,5.5,7.4,9,-7,943,1,1
600202,0.6,5.8,7.5,5,-10,944,1,1
600222,0.7,5.9,8.0,3,-10,943,1,1
600242,0.7,5.9,8.0,2,-7,945,1,1
600262,0.7,5.9,8.0,0,-5,944,1,1
600282,0.7,5.9,7.9,0,0,947,1,1
600302,0.7,5.9,7.9,0,0,945,1,1
600322,0.7,5.9,7.8,0,0,945,1,1
600342,0.8,5.9,7.8,0,0,945,1,1
600362,0.8,6.0,7.9,0,0,945,1,1
600382,0.7,5.9,7.9,0,0,946,1,1
600402,0.7,5.9,7.9,0,0,946,1,1
600422,0.7,5.9,7.9,0,0,945,1,1
600442,0.7,5.9,7.9,0,0,945,1,1
600462,0.7,5.9,7.9,0,0,944,1,1
600482,0.7,5.9,7.9,0,0,944,1,1
600502,0.7,5.9,7.9,0,0,944,1,1
600522,0.7,5.9,7.9,0,0,944,1,1
600542,0.7,5.9,7.9,0,0,946,1,1
600562,0.7,5.9,7.9,0,0,945,1,1
600582,0.7,5.9,7.9,0,0,945,1,1
600602,0.7,5.9,7.9,0,0,944,1,1
600622,0.7,5.9,7.9,0,0,945,1,1
600642,0.7,5.9,7.9,0,0,947,1,1
600662,0.7,5.9,7.9,0,0,946,1,1
600682,0.7,5.9,7.9,0,0,946,1,1
600702,0.7,5.9,7.9,0,0,945,1,1
600722,0.7,5.9,7.9,0,0,944,1,1
600742,0.7,5.9,7.8,0,0,943,1,1
600762,0.7,5.9,7.9,0,0,945,1,1
600782,0.7,5.9,7.9,0,0,946,1,1
600802,0.7,5.9,7.9,0,0,948,1,1
600822,0.7,5.9,7.9,0,0,944,1,1
600842,0.7,5.9,7.9,0,0,947,1,1
600862,0.7,5.9,7.9,0,0,943,1,1
600882,0.7,5.9,7.9,0,0,947,1,1
600902,0.7,5.9,7.9,0,0,945,1,1
600922,0.7,5.9,7.9,0,0,945,1,1
600942,0.7,5.9,7.9,0,0,946,1,1
600962,0.7,5.9,7.9,0,0,945,1,1
600982,0.7,5.9,7.9,0,0,944,1,1
601002,0.7,5.9,7.9,0,0,945,1,1
601022,0.7,5.9,7.9,0,0,945,1,1
601042,0.7,5.9,7.9,0,0,945,1,1
601062,0.7,5.9,7.9,0,0,949,1,1
601082,0.7,5.9,7.9,0,0,946,1,1
601102,0.7,5.9,7.9,0,0,948,1,1
601122,0.7,5.9,7.9,0,0,946,1,1
601142,0.7,5.9,7.9,0,0,947,1,1
601162,0.7,5.9,7.9,0,0,946,1,1
601182,0.7,5.9,7.9,0,0,944,1,1
601202,0.7,5.9,7.9,0,0,946,1,1
601222,0.7,5.9,7.9,0,0,945,1,1
601242,0.7,5.9,7.9,0,0,946,1,1
601262,0.7,5.9,7.9,0,0,946,1,1
601282,0.7,5.9,7.9,0,0,944,1,1
601302,0.7,5.9,7.9,0,0,945,1,1
601322,0.7,5.9,7.9,0,0,946,1,1
601342,0.7,5.9,7.9,0,0,947,1,1
601362,0.7,5.9,7.8,0,0,946,1,1
601382,0.7,5.9,7.9,0,0,947,1,1
601402,0.7,5.9,7.9,0,0,946,1,1
601422,0.7,5.8,7.9,0,0,944,1,1
601442,0.7,5.8,8.0,0,0,946,1,1
601462,0.8,6.1,8.3,0,0,946,1,1
601482,0.6,5.9,8.1,0,0,946,1,1
601502,0.7,5.8,8.0,0,0,945,1,1
601522,0.6,5.8,7.9,-8,38,943,1,1
601542,0.7,5.8,7.7,-16,31,946,1,1
601562,1.1,5.1,8.0,-17,16,944,1,1
601582,0.8,6.1,8.2,-16,0,945,1,1
601602,0.7,5.8,8.0,-15,-10,943,1,1
601622,0.8,5.7,7.6,-12,-17,945,1,1
601642,0.9,5.9,8.0,-10,-18,943,1,1
601662,0.8,5.9,8.0,-7,-16,948,1,1
601682,0.7,5.8,7.8,-5,-13,946,1,1
601702,0.8,5.8,8.0,-3,-10,946,1,1
601722,0.6,5.7,7.9,-2,-9,943,1,1
601742,0.6,5.9,7.9,-1,-7,946,1,1
601762,0.7,5.9,7.9,0,-5,945,1,1
601782,0.5,4.9,7.1,-1,-3,943,1,1
601802,0.8,6.0,7.9,0,0,943,1,1
601822,0.7,6.0,8.3,0,0,950,1,1
601842,0.7,6.0,7.9,0,0,947,1,1
601862,0.7,5.9,7.9,0,0,946,1,1
601882,0.7,5.9,7.9,0,0,945,1,1
601902,0.7,5.9,7.9,0,0,947,1,1
601922,0.7,5.9,7.9,0,0,944,1,1
601942,0.7,5.9,7.9,0,0,946,1,1
601962,0.8,5.9,7.9,0,0,945,1,1
601982,0.7,5.9,7.9,0,0,945,1,1
602002,0.7,5.9,7.9,0,0,948,1,1
602022,0.7,5.9,7.9,0,0,944,1,1
602042,0.7,5.9,7.9,0,0,945,1,1
602062,0.7,5.9,7.9,0,0,944,1,1
602082,0.7,5.9,7.9,0,0,945,1,1
602102,0.7,5.9,7.9,0,0,948,1,1
602122,0.8,5.9,7.8,0,0,946,1,1
602142,0.7,5.9,7.9,0,0,946,1,1
602162,0.7,5.9,7.9,0,0,945,1,1
602182,0.7,5.9,7.9,0,0,944,1,1
602202,0.7,5.9,7.9,0,0,945,1,1
602222,0.7,5.9,7.9,0,0,945,1,1
602242,0.7,5.9,7.9,0,0,946,1,1
602262,0.7,5.9,7.9,0,0,945,1,1
602282,0.7,5.9,7.9,0,0,943,1,1
602302,0.7,5.9,7.9,0,0,945,1,1
602322,0.7,5.9,7.9,0,0,945,1,1
602342,0.7,5.9,7.9,0,0,945,1,1
602362,0.7,5.9,7.9,0,0,948,1,1
602382,0.7,5.9,7.9,0,0,948,1,1
602402,0.7,5.9,7.9,0,0,945,1,1
602422,0.7,5.9,7.9,0,0,944,1,1
602442,0.7,5.9,7.9,0,0,946,1,1
602462,0.7,5.9,7.9,0,0,945,1,1
602482,0.7,5.9,7.9,0,0,946,1,1
602502,0.7,5.9,7.9,0,0,947,1,1
602522,0.7,5.8,7.9,0,0,945,1,1
602542,0.7,5.8,8.2,0,0,943,1,1
602562,0.7,5.7,7.7,0,0,945,1,1
602582,1.3,7.2,8.5,0,0,946,1,1
602602,0.5,4.7,7.0,19,33,945,1,1
602622,0.7,6.0,8.4,8,41,947,1,1
602642,0.2,5.1,6.4,-3,26,946,1,1
602662,1.4,5.9,7.7,-9,11,945,1,1
602682,0.5,5.6,7.7,-10,0,946,1,1
602702,0.7,5.9,8.2,-9,-8,946,1,1
602722,1.1,5.5,7.4,-7,-12,945,1,1
602742,0.8,6.1,8.2,-6,-15,946,1,1
602762,0.7,6.0,8.0,-4,-16,947,1,1
602782,0.7,5.9,8.0,-3,-13,946,1,1
602802,0.7,5.9,7.9,-2,-11,943,1,1
602822,0.8,5.5,7.6,-1,-7,945,1,1
602842,0.7,5.8,7.9,-2,-3,946,1,1
602862,0.7,6.0,8.0,0,0,944,1,1
602882,0.7,5.9,7.9,0,0,948,1,1
602902,0.7,5.9,7.9,0,0,947,1,1
602922,0.7,5.9,7.9,0,0,946,1,1
602942,0.7,5.9,7.9,0,0,945,1,1
602962,0.8,5.9,7.9,0,0,945,1,1
602982,0.7,5.9,7.9,0,0,947,1,1
603002,0.7,5.9,7.9,0,0,947,1,1
603022,0.7,5.9,7.9,0,0,946,1,1
603042,0.7,5.9,7.9,0,0,944,1,1
603062,0.7,5.9,7.8,0,0,943,1,1
603082,0.7,5.9,7.9,0,0,944,1,1
603102,0.7,5.9,7.9,0,0,945,1,1
603122,0.7,5.9,7.9,0,0,946,1,1
603142,0.7,5.9,7.9,0,0,946,1,1
603162,0.7,5.9,7.9,0,0,948,1,1
603182,0.7,5.9,7.9,0,0,946,1,1
603202,0.7,5.9,7.8,0,0,946,1,1
603222,0.7,5.9,7.9,0,0,947,1,1
603242,0.7,5.9,7.9,0,0,947,1,1
603262,0.7,5.9,7.9,0,0,945,1,1
603282,0.7,5.9,7.9,0,0,947,1,1
603302,0.7,5.9,7.9,0,0,943,1,1
603322,0.7,5.9,7.9,0,0,943,1,1
603342,0.7,5.9,7.9,0,0,945,1,1
603362,0.7,5.9,7.9,0,0,947,1,1
603382,0.7,5.9,7.9,0,0,946,1,1
603402,0.7,5.9,7.9,0,0,948,1,1
603422,0.7,5.9,7.9,0,0,947,1,1
603442,0.7,5.9,7.9,0,0,943,1,1
603462,0.7,5.9,7.9,0,0,946,1,1
603482,0.7,5.9,7.9,0,0,947,1,1
603502,0.7,5.9,7.9,0,0,944,1,1
603522,0.7,5.9,7.9,0,0,944,1,1
603542,0.7,5.9,7.9,0,0,947,1,1
603562,0.7,5.9,7.9,0,0,944,1,1
603582,0.7,5.9,7.9,0,0,944,1,1
603602,0.7,5.9,7.9,0,0,946,1,1
603622,0.7,5.9,7.9,0,0,945,1,1
603642,0.7,5.9,7.9,0,0,944,1,1
603662,0.7,5.9,7.9,0,0,948,1,1
603682,0.7,5.9,7.9,0,0,945,1,1
603702,0.7,6.1,7.9,0,0,946,1,1
603722,0.7,5.9,7.8,0,0,945,1,1
603742,0.8,5.7,7.6,0,0,946,1,1
603762,0.7,6.0,8.0,0,0,947,1,1
603782,0.7,6.0,8.0,0,0,946,1,1
603802,0.7,5.9,7.9,0,0,947,1,1
603822,0.7,5.8,7.9,10,0,944,1,1
603842,0.7,5.9,7.9,15,0,943,1,1
603862,0.7,5.9,7.9,15,0,944,1,1
603882,0.7,5.9,7.9,11,2,945,1,1
603902,0.7,5.8,7.9,9,0,945,1,1
603922,0.7,5.9,7.9,4,25,947,1,1
603942,0.7,5.7,7.8,-6,32,946,1,1
603962,0.7,5.9,7.9,-9,21,945,1,1
603982,0.8,5.9,7.8,-10,8,946,1,1
604002,0.7,6.3,8.2,-9,3,947,1,1
604022,0.7,6.2,8.0,-7,-1,944,1,1
604042,0.7,6.1,7.9,-6,-3,945,1,1
604062,0.7,5.9,7.9,-3,-2,945,1,1
604082,0.7,5.9,7.9,0,0,946,1,1
604102,0.7,5.9,7.9,0,0,944,1,1
604122,0.7,5.9,7.9,0,0,947,1,1
604142,0.7,5.9,7.9,0,0,945,1,1
604162,0.7,5.9,7.9,0,0,933,1,1
604182,0.7,5.9,7.9,0,0,948,1,1
604202,0.7,5.9,7.9,0,0,948,1,1
604222,0.7,5.9,7.9,0,0,947,1,1
604242,0.7,5.9,7.9,0,0,945,1,1
604262,0.7,5.9,7.9,0,0,945,1,1
604282,0.7,5.9,7.9,0,0,946,1,1
604302,0.7,5.9,7.9,0,0,946,1,1
604322,0.7,5.9,7.9,0,0,946,1,1
604342,0.7,5.9,7.9,0,0,944,1,1
604362,0.7,5.9,7.9,0,0,945,1,1
604382,0.7,5.9,7.9,0,0,945,1,1
604402,0.7,5.9,7.9,0,0,947,1,1
604422,0.7,5.9,7.9,0,0,948,1,1
604442,0.7,5.9,7.9,0,0,945,1,1
604462,0.7,5.9,7.9,0,0,945,1,1
604482,0.7,5.9,7.9,0,0,944,1,1
604502,0.7,5.9,7.9,0,0,947,1,1
604522,0.7,5.9,7.9,0,0,944,1,1
604542,0.7,5.9,7.9,0,0,944,1,1
604562,0.7,5.9,7.9,0,0,945,1,1
604582,0.7,5.9,7.9,0,0,945,1,1
604602,0.7,5.9,7.9,0,0,946,1,1
604622,0.7,5.9,7.8,0,0,945,1,1
604642,0.7,5.9,7.9,0,0,945,1,1
604662,0.7,5.9,7.9,0,0,944,1,1
604682,0.7,5.9,7.9,0,0,946,1,1
604702,0.7,5.9,7.9,0,0,947,1,1
604722,0.7,5.9,7.9,0,0,945,1,1
604742,0.7,5.9,7.9,0,0,947,1,1
604762,0.7,5.9,7.9,0,0,944,1,1
604782,0.7,5.9,7.9,0,0,944,1,1
604802,0.7,5.9,7.9,0,0,945,1,1
604822,0.7,5.9,7.9,0,0,948,1,1
604842,0.7,5.9,7.9,0,0,945,1,1
604862,0.7,5.9,7.9,0,0,945,1,1
604882,0.7,5.9,7.9,0,0,944,1,1
604902,0.7,5.9,7.9,0,0,945,1,1
604922,0.7,5.9,7.9,0,0,944,1,1
604942,0.7,5.9,7.9,0,0,945,1,1
604962,0.7,5.9,7.9,0,0,946,1,1
604982,0.7,5.9,7.8,0,0,945,1,1
605002,0.7,5.9,7.9,0,0,945,1,1
605022,0.7,5.9,7.9,0,0,944,1,1
605042,0.7,5.9,7.9,0,0,945,1,1
605062,0.7,5.9,7.9,0,0,946,1,1
605082,0.7,5.4,7.2,0,0,946,1,1
605102,0.9,5.9,8.6,0,0,944,1,1
605122,0.6,5.7,8.2,0,0,943,1,1
605142,0.7,5.9,7.9,0,0,945,1,1
605162,0.7,5.8,7.9,-22,-1,944,1,1
605182,0.7,5.8,8.0,-18,-6,943,1,1
605202,0.7,6.0,8.0,-15,-12,945,1,1
605222,0.7,5.9,8.0,-10,-13,945,1,1
605242,0.7,5.9,7.9,-7,-15,947,1,1
605262,0.7,5.9,7.9,-5,-17,945,1,1
605282,0.7,5.9,7.9,-3,-15,945,1,1
605302,0.7,5.9,7.8,-2,-13,946,1,1
605322,0.7,5.9,7.9,-1,-10,945,1,1
605342,0.7,5.9,7.9,-1,-9,947,1,1
605362,0.7,6.0,8.0,0,-8,945,1,1
605382,0.7,5.8,7.7,0,-5,944,1,1
605402,0.7,5.9,7.8,0,0,943,1,1
605422,0.7,5.9,7.9,0,0,945,1,1
605442,0.7,5.9,7.9,0,0,945,1,1
605462,0.7,5.9,7.9,0,0,946,1,1
605482,0.7,5.9,7.9,0,0,946,1,1
605502,0.7,5.9,7.9,0,0,945,1,1
605522,0.7,5.9,7.9,0,0,946,1,1
605542,0.7,5.9,7.9,0,0,945,1,1
605562,0.7,5.9,7.9,0,0,945,1,1
605582,0.7,5.9,7.9,0,0,947,1,1
605602,0.7,5.9,7.9,0,0,945,1,1
605622,0.7,5.9,7.9,0,0,947,1,1
605642,0.7,5.9,7.9,0,0,943,1,1
605662,0.7,5.9,7.9,0,0,945,1,1
605682,0.7,5.9,7.9,0,0,946,1,1
605702,0.7,5.9,7.9,0,0,946,1,1
605722,0.7,5.9,7.9,0,0,944,1,1
605742,0.7,5.9,7.9,0,0,943,1,1
605762,0.7,5.9,7.9,0,0,943,1,1
605782,0.7,5.9,7.9,0,0,945,1,1
605802,0.7,5.9,7.9,0,0,947,1,1
605822,0.7,5.9,7.9,0,0,946,1,1
605842,0.7,5.9,7.9,0,0,946,1,1
605862,0.7,5.9,7.9,0,0,944,1,1
605882,0.7,5.9,7.9,0,0,943,1,1
605902,0.7,5.9,7.9,0,0,929,1,1
605922,0.7,5.9,7.9,0,0,945,1,1
605942,0.7,5.9,7.9,0,0,945,1,1
605962,0.7,5.9,7.9,0,0,949,1,1
605982,0.7,5.9,7.9,0,0,946,1,1
606002,0.7,5.9,7.9,0,0,944,1,1
606022,0.7,5.9,7.9,0,0,944,1,1
606042,0.7,5.9,7.9,0,0,947,1,1
606062,0.7,5.9,7.9,0,0,946,1,1
606082,0.7,5.9,7.9,0,0,948,1,1
606102,0.7,5.9,7.8,0,0,947,1,1
606122,0.7,5.9,7.9,0,0,945,1,1
606142,0.7,5.9,7.9,0,0,944,1,1
606162,0.7,5.9,8.1,0,0,944,1,1
606182,0.7,5.7,8.0,0,0,943,1,1
606202,0.8,5.9,7.9,0,0,946,1,1
606222,0.7,5.8,7.8,0,0,948,1,1
606242,0.7,5.8,7.9,0,0,945,1,1
606262,0.7,5.9,8.0,23,2,948,1,1
606282,0.7,5.9,7.9,15,2,946,1,1
606302,0.7,5.7,7.9,8,31,945,1,1
606322,0.8,6.8,7.9,0,36,944,1,1
606342,0.9,5.9,7.9,-5,23,947,1,1
606362,0.8,6.3,8.0,-9,9,945,1,1
606382,1.8,6.5,7.9,-8,-2,946,1,1
606402,0.6,5.7,8.0,-8,-11,944,1,1
606422,0.7,5.7,7.8,-6,-14,946,1,1
606442,0.7,5.7,7.9,-6,-12,946,1,1
606462,0.7,5.9,7.9,-4,-12,945,1,1
606482,0.7,5.9,7.9,-3,-11,947,1,1
606502,0.7,5.9,7.9,-2,-9,946,1,1
606522,0.7,5.9,8.0,-1,-7,945,1,1
606542,0.7,5.9,7.9,-1,-4,947,1,1
606562,0.7,5.9,7.9,-1,-2,948,1,1
606582,0.7,5.9,7.9,0,0,946,1,1
606602,0.7,5.9,7.9,0,0,946,1,1
606622,0.7,5.9,7.9,0,0,944,1,1
606642,0.7,5.9,7.9,0,0,947,1,1
606662,0.7,5.9,7.9,0,0,944,1,1
606682,0.7,5.9,7.9,0,0,945,1,1
606702,0.7,5.9,7.9,0,0,944,1,1
606722,0.7,5.9,7.9,0,0,947,1,1
606742,0.7,5.9,7.9,0,0,947,1,1
606762,0.7,5.9,7.9,0,0,947,1,1
606782,0.7,5.9,7.9,0,0,945,1,1
606802,0.7,5.9,7.9,0,0,947,1,1
606822,0.7,5.9,7.9,0,0,945,1,1
606842,0.7,5.9,7.9,0,0,945,1,1
606862,0.7,5.9,7.9,0,0,947,1,1
606882,0.7,5.9,7.9,0,0,946,1,1
606902,0.7,5.9,7.9,0,0,943,1,1
606922,0.7,5.9,7.9,0,0,944,1,1
606942,0.7,5.9,7.9,0,0,944,1,1
606962,0.7,5.9,7.9,0,0,946,1,1
606982,0.7,5.9,7.9,0,0,945,1,1
607002,0.7,5.9,7.9,0,0,946,1,1
607022,0.7,5.9,7.9,0,0,944,1,1
607042,0.7,5.9,7.9,0,0,947,1,1
607062,0.7,5.9,7.9,0,0,947,1,1
607082,0.7,5.9,7.9,0,0,944,1,1
607102,0.7,5.9,7.9,0,0,947,1,1
607122,0.7,5.9,7.9,0,0,947,1,1
607142,0.7,5.9,7.9,0,0,947,1,1
607162,0.7,5.9,7.9,0,0,943,1,1
607182,0.7,5.9,7.9,0,0,945,1,1
607202,0.7,5.9,7.9,0,0,945,1,1
607222,0.7,5.9,7.9,0,0,948,1,1
607242,0.7,5.9,7.9,0,0,947,1,1
607262,0.7,5.9,7.9,0,0,946,1,1
607282,0.7,5.9,7.9,0,0,946,1,1
607302,0.7,5.9,7.9,0,0,945,1,1
607322,0.7,5.9,7.9,0,0,944,1,1
607342,0.7,5.9,7.9,0,0,946,1,1
607362,0.7,5.9,7.9,0,0,947,1,1
607382,0.7,5.9,7.9,0,0,946,1,1
607402,0.7,5.9,7.9,0,0,944,1,1
607422,0.7,5.9,7.9,0,0,945,1,1
607442,0.7,5.9,7.9,0,0,945,1,1
607462,0.7,5.9,7.9,0,0,946,1,1
607482,0.7,5.9,7.9,0,0,948,1,1
607502,0.7,5.9,7.9,0,0,947,1,1
607522,0.7,5.9,7.9,0,0,946,1,1
607542,0.7,5.9,7.9,0,0,946,1,1
607562,0.7,5.9,7.9,0,0,945,1,1
607582,0.8,5.6,6.5,0,0,946,1,1
607602,0.7,6.0,8.2,0,0,947,1,1
607622,0.7,6.0,7.9,0,0,945,1,1
607642,0.8,5.9,7.9,0,0,948,1,1
607662,0.2,5.0,6.4,0,0,944,1,1
607682,0.9,5.6,8.9,0,0,947,1,1
607702,0.6,5.4,7.3,0,0,946,1,1
607722,0.7,5.9,8.1,0,0,943,1,1
607742,0.7,5.9,8.0,0,0,945,1,1
607762,0.7,5.8,8.0,3,-6,945,1,1
607782,0.7,5.9,7.9,2,-5,944,1,1
607802,0.7,5.9,7.9,1,-4,945,1,1
607822,0.7,5.9,7.9,0,-3,947,1,1
607842,0.7,5.9,7.9,-1,-2,947,1,1
607862,0.7,5.9,7.9,0,-1,945,1,1
607882,0.8,5.8,7.9,-2,-1,944,1,1
607902,0.7,5.8,7.9,0,0,946,1,1
607922,0.7,5.9,7.9,0,0,945,1,1
607942,0.7,5.9,7.9,0,0,946,1,1
607962,0.7,5.9,7.9,0,0,942,1,1
607982,0.7,5.9,7.9,0,0,948,1,1
608002,0.7,5.9,7.9,0,0,945,1,1
608022,0.7,5.9,7.9,0,0,945,1,1
608042,0.7,5.9,7.9,0,0,947,1,1
608062,0.7,5.9,7.9,0,0,947,1,1
608082,0.7,5.9,7.9,0,0,947,1,1
608102,0.7,5.9,7.9,0,0,946,1,1
608122,0.7,5.9,7.8,0,0,945,1,1
608142,0.7,5.9,7.9,0,0,947,1,1
608162,0.7,5.9,7.9,0,0,943,1,1
608182,0.7,5.9,7.9,0,0,945,1,1
608202,0.7,5.9,7.9,0,0,945,1,1
608222,0.7,5.9,7.9,0,0,945,1,1
608242,0.7,5.9,7.9,0,0,947,1,1
608262,0.7,5.9,7.9,0,0,945,1,1
608282,0.7,5.9,7.9,0,0,945,1,1
608302,0.7,5.9,7.9,0,0,945,1,1
608322,0.7,5.9,7.9,0,0,947,1,1
608342,0.7,5.9,7.9,0,0,947,1,1
608362,0.7,5.9,7.9,0,0,945,1,1
608382,0.7,5.9,7.9,0,0,947,1,1
608402,0.7,5.9,7.9,0,0,945,1,1
608422,0.7,5.9,7.9,0,0,944,1,1
608442,0.7,5.9,7.9,0,0,946,1,1
608462,0.7,5.9,7.9,0,0,947,1,1
608482,0.7,5.9,7.9,0,0,947,1,1
608502,0.7,5.9,7.9,0,0,947,1,1
608522,0.7,5.9,7.9,0,0,945,1,1
608542,0.7,5.9,7.9,0,0,945,1,1
608562,0.7,5.9,7.9,0,0,945,1,1
608582,0.7,5.9,7.9,0,0,946,1,1
608602,0.7,5.9,7.9,0,0,944,1,1
608622,0.7,5.9,7.9,0,0,946,1,1
608642,0.7,5.9,7.9,0,0,946,1,1
608662,0.7,5.9,7.9,0,0,944,1,1
608682,0.7,5.9,7.9,0,0,944,1,1
608702,0.7,5.9,7.9,0,0,944,1,1
608722,0.8,5.9,7.6,0,0,944,1,1
608742,1.0,6.3,8.0,0,0,948,1,1
608762,0.7,5.8,7.7,0,0,946,1,1
608782,0.7,5.8,7.6,0,0,946,1,1
608802,0.8,5.9,8.0,1,39,948,1,1
608822,1.2,6.6,7.7,-5,36,945,1,1
608842,0.1,9.0,11.2,-11,25,945,1,1
608862,0.6,4.9,6.7,-12,10,947,1,1
608882,0.8,5.0,6.5,-11,0,948,1,1
608902,0.7,5.8,8.2,-8,-10,948,1,1
608922,0.7,6.2,9.2,-6,-16,943,1,1
608942,0.6,7.0,8.0,-4,-18,943,1,1
608962,0.8,6.3,8.4,-3,-16,945,1,1
608982,0.7,5.7,7.8,-2,-13,945,1,1
609002,0.7,5.7,7.7,-2,-11,948,1,1
609022,0.7,5.9,8.0,-1,-10,945,1,1
609042,0.7,5.9,8.0,-1,-8,946,1,1
609062,0.7,5.9,7.9,0,-6,945,1,1
609082,0.8,5.7,7.5,0,-4,947,1,1
609102,0.7,5.8,7.9,-1,-3,946,1,1
609122,0.7,5.8,7.7,-1,0,943,1,1
609142,0.7,5.9,7.7,0,0,945,1,1
609162,0.7,5.9,7.8,0,0,946,1,1
609182,0.7,5.9,7.9,0,0,944,1,1
609202,0.7,5.9,7.9,0,0,946,1,1
609222,0.7,5.9,7.9,0,0,944,1,1
609242,0.7,5.9,7.9,0,0,945,1,1
609262,0.7,5.9,7.9,0,0,948,1,1
609282,0.7,5.9,7.9,0,0,945,1,1
609302,0.7,5.9,7.8,0,0,945,1,1
609322,0.7,5.9,7.9,0,0,946,1,1
609342,0.7,5.9,7.9,0,0,947,1,1
609362,0.7,5.9,7.9,0,0,946,1,1
609382,0.7,5.9,7.9,0,0,943,1,1
609402,0.7,5.9,7.9,0,0,947,1,1
609422,0.7,5.9,7.9,0,0,945,1,1
609442,0.7,5.9,7.9,0,0,944,1,1
609462,0.7,5.9,7.9,0,0,944,1,1
609482,0.7,5.9,7.9,0,0,945,1,1
609502,0.7,5.9,7.9,0,0,945,1,1
609522,0.7,5.9,7.9,0,0,947,1,1
609542,0.7,5.9,7.9,0,0,942,1,1
609562,0.7,5.9,7.9,0,0,945,1,1
609582,0.7,5.9,7.9,0,0,946,1,1
609602,0.7,5.9,7.9,0,0,947,1,1
609622,0.7,5.9,7.9,0,0,946,1,1
609642,0.7,5.9,7.9,0,0,946,1,1
609662,0.7,5.9,7.9,0,0,947,1,1
609682,0.7,5.9,7.9,0,0,946,1,1
609702,0.7,5.9,7.9,0,0,946,1,1
609722,0.7,5.9,7.9,0,0,946,1,1
609742,0.7,5.9,7.9,0,0,943,1,1
609762,0.7,5.9,7.9,0,0,945,1,1
609782,0.7,5.9,7.9,0,0,947,1,1
609802,0.7,5.9,7.9,0,0,947,1,1
609822,0.7,5.9,7.9,0,0,944,1,1
609842,0.7,5.9,7.9,0,0,945,1,1
609862,0.7,5.9,7.9,0,0,945,1,1
609882,0.7,5.9,7.9,0,0,946,1,1
609902,0.7,5.9,7.9,0,0,945,1,1
609922,0.7,5.9,7.9,0,0,945,1,1
609942,0.7,5.9,7.9,0,0,946,1,1
609962,0.7,5.9,7.9,0,0,946,1,1
609982,0.7,5.9,7.9,0,0,944,1,1
610002,0.7,5.9,7.9,0,0,945,1,1
610022,0.7,5.9,7.9,0,0,947,1,1
610042,0.7,5.9,7.9,0,0,947,1,1
610062,0.7,5.9,7.9,0,0,946,1,1
610082,0.7,6.0,8.0,0,0,946,1,1
610102,0.7,6.1,8.2,0,0,947,1,1
610122,0.8,5.9,7.8,8,4,944,1,1
610142,0.7,5.9,8.3,12,5,948,1,1
610162,0.6,5.7,7.8,5,9,944,1,1
610182,0.7,5.8,7.9,0,43,945,1,1
610202,0.7,5.7,7.9,-11,30,946,1,1
610222,0.8,6.0,8.0,-14,16,945,1,1
610242,0.6,5.8,7.9,-13,1,944,1,1
610262,0.8,5.9,7.9,-12,-7,945,1,1
610282,0.6,5.8,7.7,-10,-12,946,1,1
610302,0.7,5.7,8.0,-9,-11,949,1,1
610322,0.7,5.8,7.9,-7,-11,946,1,1
610342,0.5,5.5,7.9,-6,-9,945,1,1
610362,0.7,5.9,8.0,-5,-7,945,1,1
610382,0.7,5.9,7.8,-3,-6,945,1,1
610402,0.7,5.9,7.9,-3,-5,946,1,1
610422,0.7,5.9,7.8,-2,-4,948,1,1
610442,0.8,5.8,7.8,-2,-2,945,1,1
610462,0.7,5.9,7.8,0,0,944,1,1
610482,0.7,5.9,7.9,0,0,943,1,1
610502,0.7,5.9,7.9,0,0,944,1,1
610522,0.7,5.9,7.9,0,0,947,1,1
610542,0.7,5.9,7.9,0,0,944,1,1
610562,0.8,5.9,7.8,0,0,947,1,1
610582,0.7,5.9,7.9,0,0,947,1,1
610602,0.7,5.9,7.9,0,0,945,1,1
610622,0.7,5.9,7.8,0,0,945,1,1
610642,0.7,5.9,7.9,0,0,946,1,1
610662,0.7,5.9,7.9,0,0,945,1,1
610682,0.7,5.9,7.9,0,0,947,1,1
610702,0.7,5.9,7.9,0,0,946,1,1
610722,0.7,5.9,7.9,0,0,946,1,1
610742,0.7,5.9,7.9,0,0,946,1,1
610762,0.7,5.9,7.9,0,0,945,1,1
610782,0.7,5.9,7.8,0,0,945,1,1
610802,0.7,5.9,7.9,0,0,943,1,1
610822,0.7,5.9,7.9,0,0,947,1,1
610842,0.7,5.9,7.9,0,0,948,1,1
610862,0.7,5.9,7.9,0,0,944,1,1
610882,0.7,5.9,7.9,0,0,946,1,1
610902,0.7,5.9,7.9,0,0,945,1,1
610922,0.7,5.9,7.9,0,0,945,1,1
610942,0.7,5.9,7.9,0,0,944,1,1
610962,0.7,5.9,7.9,0,0,933,1,1
610982,0.7,5.9,7.9,0,0,945,1,1
611002,0.7,5.9,7.9,0,0,946,1,1
611022,0.7,5.9,7.9,0,0,942,1,1
611042,0.7,5.9,7.9,0,0,945,1,1
611062,0.7,5.9,7.9,0,0,944,1,1
611082,0.7,5.9,7.9,0,0,945,1,1
611102,0.7,5.9,7.9,0,0,947,1,1
611122,0.7,5.9,7.9,0,0,945,1,1
611142,0.7,5.9,7.9,0,0,945,1,1
611162,0.7,5.9,7.9,0,0,946,1,1
611182,0.7,5.9,7.9,0,0,945,1,1
611202,0.7,5.9,7.8,0,0,947,1,1
611222,0.7,5.9,7.9,0,0,948,1,1
611242,0.7,5.9,7.9,0,0,946,1,1
611262,0.7,5.9,7.9,0,0,946,1,1
611282,0.8,6.5,8.4,0,0,943,1,1
611302,0.8,5.9,8.0,0,0,944,1,1
611322,0.7,5.2,8.1,0,0,943,1,1
611342,-1.3,6.0,9.7,0,0,947,1,1
611362,1.4,6.1,7.8,0,0,946,1,1
611382,1.9,5.8,7.0,-2,20,945,1,1
611402,0.4,5.7,7.2,-9,10,946,1,1
611422,0.7,5.5,7.9,-10,0,946,1,1
611442,0.7,5.7,7.8,-10,-11,946,1,1
611462,0.9,5.4,7.7,-8,-15,944,1,1
611482,0.8,6.3,8.3,-6,-19,946,1,1
611502,0.7,6.0,7.9,-5,-16,946,1,1
611522,0.7,5.9,8.0,-5,-13,944,1,1
611542,0.7,5.8,7.8,-4,-10,944,1,1
611562,0.7,5.9,7.9,-3,-8,944,1,1
611582,0.7,5.9,7.9,-2,-7,946,1,1
611602,0.7,5.9,7.8,-2,-5,944,1,1
611622,0.7,5.9,7.9,-2,-1,947,1,1
611642,0.7,5.9,7.9,0,0,944,1,1
611662,0.7,5.9,7.9,0,0,946,1,1
611682,0.7,5.9,7.9,0,0,946,1,1
611702,0.7,5.9,7.9,0,0,946,1,1
611722,0.7,5.9,7.9,0,0,945,1,1
611742,0.7,5.9,7.9,0,0,946,1,1
611762,0.7,5.9,7.9,0,0,946,1,1
611782,0.7,5.9,7.9,0,0,946,1,1
611802,0.7,5.9,7.9,0,0,941,1,1
611822,0.7,5.9,7.9,0,0,944,1,1
611842,0.7,5.9,7.9,0,0,947,1,1
611862,0.7,5.9,7.9,0,0,945,1,1
611882,0.7,5.9,7.9,0,0,949,1,1
611902,0.7,5.9,7.9,0,0,947,1,1
611922,0.7,5.9,7.9,0,0,945,1,1
611942,0.8,5.9,7.9,0,0,946,1,1
611962,0.7,5.9,7.9,0,0,944,1,1
611982,0.7,5.9,7.9,0,0,945,1,1
612002,0.7,5.9,7.9,0,0,948,1,1
612022,0.7,5.9,7.9,0,0,945,1,1
612042,0.7,5.9,7.9,0,0,946,1,1
612062,0.7,5.9,7.9,0,0,943,1,1
612082,0.7,5.9,7.9,0,0,944,1,1
612102,0.7,5.9,7.9,0,0,945,1,1
612122,0.7,5.9,7.9,0,0,944,1,1
612142,0.7,5.9,7.9,0,0,949,1,1
612162,0.7,5.9,7.9,0,0,947,1,1
612182,0.7,5.9,7.9,0,0,945,1,1
612202,0.7,5.9,7.9,0,0,946,1,1
612222,0.7,5.9,7.8,0,0,946,1,1
612242,0.7,5.9,7.9,0,0,947,1,1
612262,0.7,5.9,7.9,0,0,945,1,1
612282,0.7,5.9,7.9,0,0,946,1,1
612302,0.7,5.9,7.9,0,0,944,1,1
612322,0.7,5.9,7.9,0,0,943,1,1
612342,0.7,5.9,7.9,0,0,945,1,1
612362,0.7,5.9,7.9,0,0,945,1,1
612382,0.7,5.9,7.9,0,0,948,1,1
612402,0.7,5.9,7.9,0,0,948,1,1
612422,0.7,5.9,7.9,0,0,945,1,1
612442,0.7,5.9,7.9,0,0,945,1,1
612462,0.7,5.9,7.9,0,0,946,1,1
612482,0.7,5.9,7.9,0,0,945,1,1
612502,0.7,5.9,7.9,0,0,946,1,1
612522,0.7,5.9,7.9,0,0,941,1,1
612542,0.7,5.9,7.9,0,0,944,1,1
612562,0.7,5.9,7.9,0,0,946,1,1
612582,0.7,5.9,7.9,0,0,945,1,1
612602,0.7,5.9,7.9,0,0,944,1,1
612622,0.7,5.9,7.9,0,0,945,1,1
612642,0.7,5.8,7.5,0,0,947,1,1
612662,0.7,5.7,7.9,0,0,947,1,1
612682,0.7,5.9,7.9,0,0,947,1,1
612702,0.7,5.9,7.9,0,0,944,1,1
612722,0.7,5.9,7.8,0,0,947,1,1
612742,0.7,5.9,8.0,7,16,947,1,1
612762,0.6,5.7,8.5,4,10,946,1,1
612782,0.8,4.9,7.5,4,-1,946,1,1
612802,0.7,5.9,7.8,3,-12,945,1,1
612822,0.6,5.6,7.4,1,-12,942,1,1
612842,0.7,5.8,7.8,2,-8,945,1,1
612862,0.7,5.8,7.8,1,-4,945,1,1
612882,0.7,5.9,8.1,0,0,944,1,1
612902,0.7,5.8,7.9,0,0,947,1,1
612922,0.7,5.9,7.9,0,0,945,1,1
612942,0.7,5.9,7.9,0,0,945,1,1
612962,0.7,5.9,7.9,0,0,947,1,1
612982,0.7,5.9,7.9,0,0,945,1,1
613002,0.7,5.9,7.9,0,0,946,1,1
613022,0.7,5.9,7.9,0,0,945,1,1
613042,0.7,5.9,7.9,0,0,945,1,1
613062,0.7,5.9,7.9,0,0,945,1,1
613082,0.7,5.9,7.9,0,0,944,1,1
613102,0.7,5.9,7.9,0,0,944,1,1
613122,0.7,5.9,7.9,0,0,945,1,1
613142,0.7,5.9,7.9,0,0,947,1,1
613162,0.7,5.9,7.9,0,0,947,1,1
613182,0.7,5.9,7.9,0,0,945,1,1
613202,0.7,5.9,7.9,0,0,947,1,1
613222,0.7,5.9,7.9,0,0,945,1,1
613242,0.7,5.9,7.9,0,0,948,1,1
613262,0.7,5.9,7.9,0,0,948,1,1
613282,0.7,5.9,7.9,0,0,948,1,1
613302,0.7,5.9,7.9,0,0,945,1,1
613322,0.7,5.9,7.9,0,0,945,1,1
613342,0.7,5.9,7.9,0,0,945,1,1
613362,0.7,5.9,7.8,0,0,944,1,1
613382,0.7,5.9,7.9,0,0,944,1,1
613402,0.7,5.9,7.9,0,0,944,1,1
613422,0.7,5.9,7.9,0,0,948,1,1
613442,0.7,5.9,7.9,0,0,946,1,1
613462,0.7,5.9,7.8,0,0,948,1,1
613482,0.7,5.9,7.8,0,0,946,1,1
613502,0.7,5.9,7.9,0,0,945,1,1
613522,0.7,5.9,7.9,0,0,946,1,1
613542,0.7,5.9,7.9,0,0,945,1,1
613562,0.7,5.9,7.9,0,0,946,1,1
613582,0.7,5.9,7.9,0,0,945,1,1
613602,0.7,5.9,7.9,0,0,941,1,1
613622,0.7,5.9,7.9,0,0,945,1,1
613642,0.7,5.9,7.9,0,0,946,1,1
613662,0.7,5.9,7.9,0,0,946,1,1
613682,0.7,5.9,7.9,0,0,947,1,1
613702,0.7,5.9,7.9,0,0,946,1,1
613722,0.7,5.9,7.9,0,0,945,1,1
613742,0.7,5.9,7.9,0,0,946,1,1
613762,0.7,5.9,7.9,0,0,945,1,1
613782,0.7,5.9,7.9,0,0,946,1,1
613802,0.7,5.9,7.9,0,0,945,1,1
613822,0.7,5.9,7.9,0,0,948,1,1
613842,0.7,5.9,7.9,0,0,947,1,1
613862,0.7,6.0,8.2,0,0,945,1,1
613882,0.8,5.9,7.9,0,0,945,1,1
613902,1.0,6.3,7.4,0,0,944,1,1
613922,0.5,6.2,7.9,0,0,945,1,1
613942,0.2,5.3,5.9,0,0,948,1,1
613962,-0.3,5.5,8.1,7,32,945,1,1
613982,0.3,5.0,7.7,2,35,947,1,1
614002,0.3,5.2,9.6,-8,23,944,1,1
614022,1.2,5.1,8.9,-12,4,945,1,1
614042,0.8,6.0,8.2,-13,-7,945,1,1
614062,-0.3,5.7,9.6,-11,-11,944,1,1
614082,1.6,5.2,7.1,-9,-18,945,1,1
614102,1.0,5.1,9.3,-7,-16,946,1,1
614122,0.5,5.2,6.2,-5,-15,943,1,1
614142,0.8,5.7,7.6,-4,-12,946,1,1
614162,0.7,5.9,8.0,-2,-10,946,1,1
614182,0.7,5.8,7.8,-1,-9,945,1,1
614202,0.8,5.8,7.9,-1,-7,948,1,1
614222,0.7,5.8,7.9,0,-5,946,1,1
614242,0.7,5.7,7.6,0,-2,945,1,1
614262,0.7,5.7,7.7,0,0,948,1,1
614282,0.7,5.8,7.9,0,0,945,1,1
614302,0.7,5.9,7.9,0,0,943,1,1
614322,0.7,5.9,7.9,0,0,946,1,1
614342,0.7,5.9,7.9,0,0,948,1,1
614362,0.7,5.9,7.9,0,0,945,1,1
614382,0.7,5.9,7.9,0,0,942,1,1
614402,0.7,5.9,7.9,0,0,944,1,1
614422,0.7,5.9,7.9,0,0,945,1,1
614442,0.7,5.9,7.8,0,0,945,1,1
614462,0.7,5.9,7.8,0,0,948,1,1
614482,0.7,5.9,7.9,0,0,944,1,1
614502,0.7,5.9,7.9,0,0,945,1,1
614522,0.7,5.8,7.9,0,0,945,1,1
614542,0.7,5.9,7.9,0,0,945,1,1
614562,0.7,5.9,7.8,0,0,947,1,1
614582,0.7,5.9,7.9,0,0,945,1,1
614602,0.7,5.9,7.8,0,0,945,1,1
614622,0.7,5.9,7.9,0,0,945,1,1
614642,0.7,5.9,7.9,0,0,944,1,1
614662,0.7,5.8,7.9,0,0,944,1,1
614682,0.8,5.9,7.9,0,0,945,1,1
614702,0.7,6.0,7.9,0,0,945,1,1
614722,0.7,5.9,7.8,0,0,943,1,1
614742,0.7,5.9,7.9,0,0,945,1,1
614762,0.7,5.9,7.9,0,0,946,1,1
614782,0.7,5.9,7.9,0,0,946,1,1
614802,0.7,5.9,7.9,0,0,946,1,1
614822,0.7,5.9,7.9,0,0,944,1,1
614842,0.7,5.9,7.9,0,0,946,1,1
614862,0.7,5.9,7.9,0,0,945,1,1
614882,0.7,5.9,7.9,0,0,928,1,1
614902,0.7,5.9,7.9,0,0,941,1,1
614922,0.7,5.9,7.9,0,0,944,1,1
614942,0.7,5.9,7.9,0,0,944,1,1
614962,0.7,5.9,7.9,0,0,945,1,1
614982,0.7,5.9,7.9,0,0,947,1,1
615002,0.7,5.9,7.9,0,0,947,1,1
615022,0.7,5.9,7.9,0,0,946,1,1
615042,0.7,5.9,7.9,0,0,945,1,1
615062,0.7,5.9,7.9,0,0,946,1,1
615082,0.7,5.9,7.9,0,0,945,1,1
615102,0.7,5.9,7.9,0,0,947,1,1
615122,0.7,5.9,7.9,0,0,944,1,1
615142,1.5,6.6,8.5,0,0,945,1,1
615162,0.5,5.9,8.0,0,0,946,1,1
615182,0.7,5.7,7.8,0,0,946,1,1
615202,0.6,5.8,8.0,0,0,943,1,1
615222,2.2,7.5,7.7,-9,25,947,1,1
615242,0.6,6.0,7.5,-12,8,945,1,1
615262,0.9,6.0,8.2,-12,-4,946,1,1
615282,0.7,5.9,8.0,-11,-10,946,1,1
615302,0.8,6.0,7.9,-8,-14,945,1,1
615322,0.7,5.9,7.8,-7,-14,945,1,1
615342,0.7,5.9,7.9,-5,-11,945,1,1
615362,0.7,6.0,7.9,0,0,945,1,1
615382,0.7,5.9,7.8,0,0,946,1,1
615402,0.7,5.9,7.8,0,0,944,1,1
615422,0.7,5.9,7.8,0,0,946,1,1
615442,0.7,5.8,7.8,0,0,944,1,1
615462,0.7,5.9,7.8,0,0,944,1,1
615482,0.7,5.9,7.9,0,0,947,1,1
615502,0.7,5.9,7.9,0,0,945,1,1
615522,0.7,5.9,7.9,0,0,946,1,1
615542,0.7,5.9,7.8,0,0,944,1,1
615562,0.8,5.9,7.9,0,0,947,1,1
615582,0.7,5.9,7.8,0,0,945,1,1
615602,0.7,5.9,7.9,0,0,945,1,1
615622,0.7,5.9,7.9,0,0,944,1,1
615642,0.7,5.9,7.9,0,0,945,1,1
615662,0.7,5.9,7.8,0,0,944,1,1
615682,0.7,5.9,7.9,0,0,946,1,1
615702,0.7,5.9,7.8,0,0,942,1,1
615722,0.7,5.9,7.9,0,0,943,1,1
615742,0.7,5.9,7.9,0,0,946,1,1
615762,0.8,5.9,7.9,0,0,945,1,1
615782,0.7,5.9,7.8,0,0,945,1,1
615802,0.7,5.9,7.8,0,0,946,1,1
615822,0.7,5.9,7.8,0,0,946,1,1
615842,0.7,5.9,7.9,0,0,946,1,1
615862,0.7,5.9,7.9,0,0,945,1,1
615882,0.7,5.9,7.8,0,0,946,1,1
615902,0.7,5.9,7.8,0,0,943,1,1
615922,0.7,5.9,7.8,0,0,946,1,1
615942,0.7,5.9,7.8,0,0,943,1,1
615962,0.7,5.9,7.9,0,0,946,1,1
615982,0.7,5.9,7.9,0,0,946,1,1
616002,0.7,5.9,7.9,0,0,948,1,1
616022,0.7,5.9,7.9,0,0,945,1,1
616042,0.7,5.9,7.8,0,0,945,1,1
616062,0.7,5.9,7.9,0,0,945,1,1
616082,0.7,5.9,7.8,0,0,945,1,1
616102,0.7,5.9,7.9,0,0,945,1,1
616122,0.8,5.9,7.9,0,0,944,1,1
616142,0.7,5.9,7.9,0,0,948,1,1
616162,0.7,5.9,7.9,0,0,946,1,1
616182,0.7,6.0,7.8,0,0,945,1,1
616202,0.7,5.9,7.9,0,0,941,1,1
616222,0.7,5.9,7.9,0,0,944,1,1
616242,0.7,5.9,7.9,0,0,943,1,1
616262,0.7,5.9,7.9,0,0,946,1,1
616282,0.8,6.0,7.9,0,0,946,1,1
616302,0.8,5.2,7.6,0,0,944,1,1
616322,0.8,5.6,8.0,0,0,943,1,1
616342,0.8,5.9,7.6,0,0,948,1,1
616362,0.6,5.8,8.1,0,0,946,1,1
616382,0.9,6.3,8.4,16,3,946,1,1
616402,0.7,5.8,7.8,6,38,945,1,1
616422,2.3,7.6,8.2,-5,26,945,1,1
616442,0.8,6.2,7.9,-10,6,944,1,1
616462,1.0,6.4,7.8,-11,-7,944,1,1
616482,0.1,6.1,10.2,-12,-11,946,1,1
616502,0.8,5.9,7.6,-11,-14,945,1,1
616522,0.7,6.0,7.8,-9,-15,945,1,1
616542,0.7,6.0,7.9,-7,-12,946,1,1
616562,0.7,6.0,7.9,-4,-8,944,1,1
616582,0.7,5.8,7.8,0,0,945,1,1
616602,0.8,5.9,7.9,0,0,944,1,1
616622,0.7,5.9,7.9,0,0,948,1,1
616642,0.7,5.9,7.9,0,0,945,1,1
616662,0.7,5.9,7.9,0,0,945,1,1
616682,0.7,5.9,7.9,0,0,945,1,1
616702,0.7,5.9,7.9,0,0,947,1,1
616722,0.7,5.9,7.8,0,0,941,1,1
616742,0.7,5.9,7.9,0,0,945,1,1
616762,0.8,5.9,7.9,0,0,947,1,1
616782,0.8,5.9,7.9,0,0,948,1,1
616802,0.7,5.9,7.8,0,0,946,1,1
616822,0.7,5.9,7.9,0,0,947,1,1
616842,0.7,5.9,7.9,0,0,947,1,1
616862,0.7,5.9,7.9,0,0,945,1,1
616882,0.7,5.9,7.9,0,0,944,1,1
616902,0.7,5.9,7.9,0,0,945,1,1
616922,0.7,5.9,7.8,0,0,945,1,1
616942,0.8,5.9,7.9,0,0,945,1,1
616962,0.7,5.9,7.9,0,0,945,1,1
616982,0.7,5.9,7.9,0,0,944,1,1
617002,0.7,5.9,7.9,0,0,946,1,1
617022,0.7,5.9,7.9,0,0,943,1,1
617042,0.7,5.9,7.9,0,0,946,1,1
617062,0.7,5.9,7.8,0,0,946,1,1
617082,0.7,5.9,7.8,0,0,945,1,1
617102,0.8,5.9,7.9,0,0,945,1,1
617122,0.8,5.9,7.9,0,0,944,1,1
617142,0.7,5.9,7.9,0,0,945,1,1
617162,0.7,6.0,7.8,0,0,945,1,1
617182,0.7,5.9,7.9,0,0,947,1,1
617202,0.7,5.9,7.9,0,0,945,1,1
617222,0.7,5.9,7.9,0,0,945,1,1
617242,0.7,5.9,7.9,0,0,944,1,1
617262,0.7,5.9,7.9,0,0,947,1,1
617282,0.7,5.9,7.9,0,0,946,1,1
617302,0.7,5.9,7.9,0,0,946,1,1
617322,0.7,5.9,7.9,0,0,945,1,1
617342,0.7,5.9,7.9,0,0,946,1,1
617362,0.7,5.8,7.8,0,0,944,1,1
617382,0.7,5.9,8.0,0,0,945,1,1
617402,0.7,5.8,7.8,0,0,944,1,1
617422,0.8,5.9,7.8,0,0,946,1,1
617442,0.7,6.2,8.1,19,2,946,1,1
617462,0.8,5.7,7.8,14,2,945,1,1
617482,0.7,5.5,8.1,14,0,943,1,1
617502,0.7,5.7,8.0,10,0,942,1,1
617522,1.0,6.8,8.8,4,39,944,1,1
617542,0.6,5.7,7.0,-4,27,945,1,1
617562,0.1,5.3,6.5,-8,9,946,1,1
617582,1.2,4.8,8.4,-10,-4,945,1,1
617602,1.1,4.4,5.7,-9,-13,945,1,1
617622,0.8,5.6,7.9,-8,-20,943,1,1
617642,0.8,5.8,7.7,-6,-17,944,1,1
617662,0.7,5.7,7.9,0,0,946,1,1
617682,0.7,5.8,7.8,0,0,945,1,1
617702,0.7,5.8,7.9,0,0,946,1,1
617722,0.7,5.9,7.9,0,0,945,1,1
617742,0.7,5.9,7.9,0,0,943,1,1
617762,0.8,5.9,7.9,0,0,943,1,1
617782,0.8,5.9,7.9,0,0,946,1,1
617802,0.7,5.9,7.9,0,0,947,1,1
617822,0.7,5.9,7.9,0,0,946,1,1
617842,0.7,5.9,7.9,0,0,944,1,1
617862,0.6,5.9,7.9,0,0,946,1,1
617882,0.7,5.9,7.9,0,0,946,1,1
617902,0.7,5.9,7.8,0,0,945,1,1
617922,0.8,5.9,7.9,0,0,946,1,1
617942,0.8,5.9,7.9,0,0,947,1,1
617962,0.8,5.9,7.9,0,0,944,1,1
617982,0.7,5.9,7.9,0,0,945,1,1
618002,0.7,5.9,7.9,0,0,942,1,1
618022,0.7,5.9,7.9,0,0,945,1,1
618042,0.7,5.9,7.9,0,0,943,1,1
618062,0.7,5.9,7.9,0,0,944,1,1
618082,0.8,5.9,7.9,0,0,945,1,1
618102,0.8,5.9,7.9,0,0,945,1,1
618122,0.8,5.9,7.9,0,0,944,1,1
618142,0.7,5.9,7.9,0,0,946,1,1
618162,0.7,5.9,7.9,0,0,945,1,1
618182,0.7,5.9,7.9,0,0,945,1,1
618202,0.7,5.9,7.9,0,0,945,1,1
618222,0.7,5.9,7.9,0,0,946,1,1
618242,0.8,5.9,7.9,0,0,945,1,1
618262,0.8,5.9,7.9,0,0,943,1,1
618282,0.7,5.9,7.9,0,0,944,1,1
618302,0.7,5.9,7.8,0,0,944,1,1
618322,0.7,5.9,7.9,0,0,945,1,1
618342,0.7,5.9,7.9,0,0,948,1,1
618362,0.7,5.9,7.9,0,0,945,1,1
618382,0.7,5.9,7.9,0,0,945,1,1
618402,0.7,5.9,7.9,0,0,945,1,1
618422,0.8,5.9,7.9,0,0,945,1,1
618442,0.8,5.9,7.9,0,0,943,1,1
618462,0.7,5.9,7.9,0,0,947,1,1
618482,0.7,5.9,7.9,0,0,947,1,1
618502,0.7,5.9,7.9,0,0,945,1,1
618522,0.7,5.9,7.9,0,0,944,1,1
618542,0.7,5.9,7.8,0,0,944,1,1
618562,0.7,5.9,7.8,0,0,946,1,1
618582,0.7,5.9,7.9,0,0,948,1,1
618602,0.7,5.9,7.9,0,0,946,1,1
618622,0.7,5.9,7.9,0,0,945,1,1
618642,0.7,5.9,7.9,0,0,944,1,1
618662,0.7,5.9,7.9,0,0,944,1,1
618682,0.7,5.9,7.8,0,0,945,1,1
618702,0.7,5.9,7.9,0,0,947,1,1
618722,0.7,5.9,7.9,0,0,946,1,1
618742,0.7,5.9,7.9,0,0,943,1,1
618762,0.7,5.9,7.9,0,0,945,1,1
618782,0.7,5.9,7.9,0,0,944,1,1
618802,0.7,5.9,7.9,0,0,944,1,1
618822,0.7,5.9,7.9,0,0,945,1,1
618842,0.7,5.9,7.9,0,0,946,1,1
618862,0.7,5.9,7.9,0,0,946,1,1
618882,0.7,5.9,7.9,0,0,944,1,1
618902,0.7,5.9,7.9,0,0,945,1,1
618922,0.7,5.9,7.9,0,0,944,1,1
618942,0.7,5.9,7.9,0,0,946,1,1
618962,0.7,5.9,7.9,0,0,945,1,1
618982,0.7,5.9,7.9,0,0,945,1,1
619002,0.7,5.9,7.9,0,0,945,1,1
619022,0.7,5.9,7.9,0,0,945,1,1
619042,0.7,5.9,7.9,0,0,945,1,1
619062,0.7,5.9,7.9,0,0,945,1,1
619082,0.7,5.9,7.9,0,0,946,1,1
619102,0.8,6.2,7.9,0,0,945,1,1
619122,0.9,6.2,8.1,0,0,945,1,1
619142,0.6,6.0,8.8,0,0,946,1,1
619162,0.4,5.2,6.8,0,0,946,1,1
619182,0.8,5.9,8.5,-5,1,945,1,1
619202,0.7,5.4,7.6,-6,-14,946,1,1
619222,0.8,5.7,7.7,-4,-15,946,1,1
619242,0.9,6.5,8.8,-3,-8,945,1,1
619262,0.7,5.9,7.9,0,0,944,1,1
619282,0.7,5.9,8.0,0,0,946,1,1
619302,0.7,5.8,7.9,0,0,944,1,1
619322,0.7,5.9,7.9,0,0,946,1,1
619342,0.7,5.9,7.9,0,0,945,1,1
619362,0.7,5.9,8.1,0,0,947,1,1
619382,0.7,5.8,7.9,0,0,946,1,1
619402,0.7,5.9,7.8,0,0,944,1,1
619422,0.7,6.0,7.9,0,0,945,1,1
619442,0.7,5.9,8.0,0,0,944,1,1
619462,0.7,5.9,7.9,0,0,944,1,1
619482,0.7,5.9,7.9,0,0,945,1,1
619502,0.7,5.9,7.9,0,0,946,1,1
619522,0.7,5.9,7.9,0,0,944,1,1
619542,0.7,5.9,7.9,0,0,945,1,1
619562,0.7,5.9,7.9,0,0,944,1,1
619582,0.7,5.9,7.9,0,0,945,1,1
619602,0.7,5.9,7.9,0,0,942,1,1
619622,0.7,5.9,7.9,0,0,947,1,1
619642,0.7,5.9,7.8,0,0,947,1,1
619662,0.7,5.9,7.9,0,0,945,1,1
619682,0.7,5.9,7.9,0,0,946,1,1
619702,0.7,5.9,7.9,0,0,946,1,1
619722,0.7,5.9,7.9,0,0,945,1,1
619742,0.7,5.9,7.8,0,0,946,1,1
619762,0.7,5.9,7.9,0,0,931,1,1
619782,0.7,5.9,7.9,0,0,944,1,1
619802,0.7,5.9,7.9,0,0,945,1,1
619822,0.7,5.9,7.9,0,0,945,1,1
619842,0.7,5.9,7.9,0,0,946,1,1
619862,0.7,5.9,7.9,0,0,944,1,1
619882,0.7,5.9,7.9,0,0,946,1,1
619902,0.7,5.9,7.9,0,0,946,1,1
619922,0.7,5.9,7.9,0,0,959,1,1
619942,0.7,5.9,7.8,0,0,945,1,1
619962,0.7,5.9,7.8,0,0,947,1,1
619982,0.7,5.9,7.9,0,0,945,1,1
620002,0.7,5.9,7.9,0,0,943,1,1
620022,0.7,5.9,7.9,0,0,945,1,1
620042,0.7,5.9,7.9,0,0,945,1,1
620062,0.7,5.9,7.9,0,0,944,1,1
620082,0.7,5.9,7.9,0,0,942,1,1
620102,0.7,5.9,7.9,0,0,943,1,1
620122,0.7,5.9,7.9,0,0,943,1,1
620142,0.7,5.9,7.9,0,0,948,1,1
620162,0.7,5.9,7.9,0,0,947,1,1
620182,0.7,5.9,7.8,0,0,945,1,1
620202,0.7,5.9,7.9,0,0,948,1,1
620222,0.7,5.9,7.9,0,0,947,1,1
620242,0.7,5.9,7.9,0,0,945,1,1
620262,0.7,5.9,7.9,0,0,944,1,1
620282,0.7,5.9,7.9,0,0,946,1,1
620302,0.7,5.9,7.9,0,0,943,1,1
620322,0.7,5.9,7.9,0,0,943,1,1
620342,0.7,5.8,7.7,0,0,945,1,1
620362,0.8,6.0,7.9,0,0,946,1,1
620382,0.5,5.4,7.8,0,0,946,1,1
620402,0.7,5.7,7.9,0,0,947,1,1
620422,1.7,6.1,6.5,8,7,945,1,1
620442,0.5,5.3,7.2,4,38,947,1,1
620462,0.8,5.2,8.7,-6,27,944,1,1
620482,-0.2,4.8,7.3,-12,6,944,1,1
620502,1.4,5.4,6.9,-12,-8,944,1,1
620522,0.7,3.4,4.4,-10,-15,944,1,1
620542,1.0,6.5,8.7,-7,-16,946,1,1
620562,0.6,5.7,7.9,-6,-12,944,1,1
620582,0.7,5.7,7.7,-4,-6,944,1,1
620602,0.7,5.8,7.8,0,0,942,1,1
620622,0.7,5.9,7.9,0,0,947,1,1
620642,0.7,5.9,7.9,0,0,946,1,1
620662,0.7,5.9,7.9,0,0,948,1,1
620682,0.7,5.9,7.8,0,0,945,1,1
620702,0.7,5.9,7.8,0,0,945,1,1
620722,0.7,5.9,7.9,0,0,946,1,1
620742,0.7,5.9,7.9,0,0,945,1,1
620762,0.7,5.9,7.9,0,0,946,1,1
620782,0.7,5.9,7.9,0,0,945,1,1
620802,0.7,5.9,7.9,0,0,945,1,1
620822,0.7,5.9,7.8,0,0,945,1,1
620842,0.7,5.9,7.9,0,0,945,1,1
620862,0.7,5.9,7.9,0,0,950,1,1
620882,0.7,5.9,7.9,0,0,944,1,1
620902,0.7,5.9,7.9,0,0,946,1,1
620922,0.7,5.9,7.9,0,0,946,1,1
620942,0.7,5.9,7.9,0,0,945,1,1
620962,0.7,5.9,7.9,0,0,945,1,1
620982,0.7,5.9,7.9,0,0,947,1,1
621002,0.7,5.9,7.9,0,0,947,1,1
621022,0.7,5.9,7.9,0,0,944,1,1
621042,0.7,5.9,7.9,0,0,945,1,1
621062,0.7,5.9,7.9,0,0,945,1,1
621082,0.7,5.9,7.9,0,0,945,1,1
621102,0.7,5.9,7.9,0,0,946,1,1
621122,0.7,5.9,7.9,0,0,944,1,1
621142,0.7,5.9,7.9,0,0,947,1,1
621162,0.7,5.9,7.9,0,0,946,1,1
621182,0.7,5.9,7.9,0,0,947,1,1
621202,0.7,5.9,7.9,0,0,946,1,1
621222,0.7,5.9,7.9,0,0,946,1,1
621242,0.7,5.9,7.8,0,0,943,1,1
621262,0.7,5.9,7.9,0,0,944,1,1
621282,0.7,5.9,7.9,0,0,945,1,1
621302,0.7,6.0,7.9,0,0,945,1,1
621322,0.7,5.9,7.9,0,0,947,1,1
621342,0.7,5.9,7.9,0,0,947,1,1
621362,0.7,5.9,7.8,0,0,943,1,1
621382,0.7,5.9,7.9,0,0,944,1,1
621402,0.7,5.9,7.8,0,0,945,1,1
621422,0.7,5.9,7.9,0,0,944,1,1
621442,0.7,5.9,7.8,0,0,947,1,1
621462,0.7,5.9,7.9,0,0,945,1,1
<DISCONNECTED>

