timestamp,Ax,Ay,Az,Dx,Dy,flex,B1,B2
513962,0.8,4.7,8.7,0,0,945,1,1
513982,0.8,4.7,8.7,0,0,946,1,1
514002,0.8,4.7,8.6,0,0,947,1,1
514022,0.8,4.7,8.7,0,0,946,1,1
514042,0.8,4.7,8.6,0,0,945,1,1
514062,0.8,4.7,8.7,0,0,947,1,1
514082,0.8,4.7,8.6,0,0,944,1,1
514102,0.8,4.7,8.6,0,0,945,1,1
514122,0.8,4.7,8.7,0,0,942,1,1
514142,0.8,4.7,8.6,0,0,944,1,1
514162,0.8,4.7,8.7,0,0,944,1,1
514182,0.8,4.7,8.7,0,0,944,1,1
514202,0.8,4.7,8.6,0,0,947,1,1
514222,0.8,4.7,8.7,0,0,947,1,1
514242,0.8,4.7,8.7,0,0,945,1,1
514262,0.8,4.7,8.6,0,0,946,1,1
514282,0.8,4.7,8.6,0,0,946,1,1
514302,0.8,4.7,8.7,0,0,946,1,1
514322,0.8,4.7,8.7,0,0,945,1,1
514342,0.8,4.7,8.7,0,0,945,1,1
514362,0.8,4.7,8.6,0,0,945,1,1
514382,0.7,4.7,8.6,0,0,943,1,1
514402,0.8,4.7,8.6,0,0,945,1,1
514422,0.8,4.7,8.6,0,0,945,1,1
514442,0.8,4.7,8.7,0,0,945,1,1
514462,0.8,4.7,8.6,0,0,948,1,1
514482,0.8,4.7,8.6,0,0,945,1,1
514502,0.8,4.7,8.6,0,0,948,1,1
514522,0.8,4.7,8.6,0,0,945,1,1
514542,0.8,4.7,8.6,0,0,944,1,1
514562,0.8,4.7,8.6,0,0,946,1,1
514582,0.8,4.7,8.7,0,0,943,1,1
514602,0.9,4.7,8.6,0,0,944,1,1
514622,0.8,4.7,8.6,0,0,945,1,1
514642,0.8,4.7,8.7,0,0,947,1,1
514662,0.8,4.7,8.6,0,0,941,1,1
514682,0.8,4.7,8.6,0,0,946,1,1
514702,0.8,4.7,8.6,0,0,946,1,1
514722,0.8,4.7,8.7,0,0,944,1,1
514742,0.8,4.7,8.6,0,0,947,1,1
514762,0.8,4.7,8.7,0,0,946,1,1
514782,0.9,4.7,8.6,0,0,947,1,1
514802,0.8,4.7,8.6,0,0,947,1,1
514822,0.8,4.7,8.7,0,0,946,1,1
514842,0.8,4.8,8.8,0,0,945,1,1
514862,0.8,4.8,8.6,0,0,946,1,1
514882,0.8,4.7,8.8,0,0,947,1,1
514902,0.8,4.7,8.6,0,0,944,1,1
514922,0.8,4.6,8.6,0,0,944,1,1
514942,0.8,4.7,8.6,14,-1,945,1,1
514962,0.8,4.6,8.6,7,-1,945,1,1
514982,0.8,4.7,8.7,-3,0,944,1,1
515002,0.8,4.8,8.7,-8,0,947,1,1
515022,0.8,4.7,8.7,-12,0,946,1,1
515042,0.5,5.1,9.5,-7,1,946,1,1
515062,1.0,5.1,10.0,-5,0,946,1,1
515082,0.8,4.7,8.8,0,0,945,1,1
515102,0.8,4.7,8.6,0,0,947,1,1
515122,0.8,4.6,8.5,0,0,945,1,1
515142,0.8,4.7,8.6,0,0,944,1,1
515162,0.8,4.7,8.6,0,0,945,1,1
515182,0.8,4.7,8.6,0,0,944,1,1
515202,0.8,4.7,8.6,0,0,944,1,1
515222,0.8,4.7,8.6,0,0,945,1,1
515242,0.8,4.7,8.6,0,0,948,1,1
515262,0.8,4.7,8.7,0,0,944,1,1
515282,0.8,4.7,8.6,0,0,948,1,1
515302,0.8,4.7,8.6,0,0,944,1,1
515322,0.8,4.7,8.6,0,0,944,1,1
515342,0.8,4.7,8.7,0,0,946,1,1
515362,0.8,4.7,8.7,0,0,945,1,1
515382,0.8,4.7,8.6,0,0,946,1,1
515402,0.8,4.7,8.6,0,0,945,1,1
515422,0.8,4.7,8.6,0,0,945,1,1
515442,0.8,4.7,8.7,0,0,944,1,1
515462,0.8,4.7,8.6,0,0,944,1,1
515482,0.8,4.7,8.7,0,0,942,1,1
515502,0.8,4.7,8.7,0,0,943,1,1
515522,0.8,4.7,8.7,0,0,945,1,1
515542,0.8,4.7,8.7,0,0,943,1,1
515562,0.8,4.7,8.7,0,0,949,1,1
515582,0.8,4.7,8.6,0,0,947,1,1
515602,0.8,4.7,8.7,0,0,944,1,1
515622,0.8,4.7,8.6,0,0,947,1,1
515642,0.8,4.7,8.6,0,0,945,1,1
515662,0.8,4.7,8.6,0,0,947,1,1
515682,0.8,4.7,8.7,0,0,944,1,1
515702,0.8,4.7,8.7,0,0,946,1,1
515722,0.8,4.7,8.7,0,0,946,1,1
515742,0.8,4.7,8.7,0,0,946,1,1
515762,0.8,4.7,8.6,0,0,943,1,1
515782,0.8,4.7,8.7,0,0,943,1,1
515802,0.8,4.7,8.6,0,0,946,1,1
515822,0.8,4.7,8.7,0,0,946,1,1
515842,0.8,4.7,8.6,0,0,947,1,1
515862,0.8,4.7,8.7,0,0,945,1,1
515882,0.8,4.7,8.6,0,0,945,1,1
515902,0.8,4.7,8.7,0,0,946,1,1
515922,0.8,4.7,8.6,0,0,947,1,1
515942,0.8,4.7,8.6,0,0,945,1,1
515962,0.8,4.7,8.6,0,0,947,1,1
515982,0.8,4.7,8.6,0,0,945,1,1
516002,0.8,4.7,8.7,0,0,946,1,1
516022,0.8,4.7,8.6,0,0,941,1,1
516042,0.8,4.7,8.6,0,0,945,1,1
516062,0.8,4.7,8.6,0,0,945,1,1
516082,0.8,4.7,8.7,0,0,945,1,1
516102,0.8,4.7,8.6,0,0,947,1,1
516122,0.8,4.7,8.7,0,0,945,1,1
516142,0.8,4.7,8.6,0,0,948,1,1
516162,0.8,4.7,8.7,0,0,945,1,1
516182,0.7,4.6,8.3,0,0,944,1,1
516202,0.8,4.8,8.7,0,0,943,1,1
516222,0.8,4.8,8.8,0,0,944,1,1
516242,0.9,4.8,8.8,0,0,945,1,1
516262,0.8,4.7,8.7,15,0,944,1,1
516282,1.1,5.5,9.4,4,0,945,1,1
516302,0.8,4.6,8.3,-1,-1,944,1,1
516322,0.8,4.6,8.6,-8,0,945,1,1
516342,0.9,4.7,8.8,-11,0,944,1,1
516362,0.8,4.7,8.7,-16,-1,945,1,1
516382,2.7,7.1,8.3,-17,-1,944,1,1
516402,0.8,5.9,9.3,-14,-1,948,1,1
516422,0.1,5.9,7.1,-7,0,946,1,1
516442,1.5,11.0,10.1,-4,3,947,1,1
516462,2.3,2.7,5.3,-2,5,945,1,1
516482,0.6,0.3,9.5,-4,3,945,1,1
516502,1.0,6.1,11.0,-4,1,946,1,1
516522,1.3,2.2,5.0,0,0,944,1,1
516542,1.4,6.2,8.9,0,0,946,1,1
516562,1.4,4.8,8.4,0,0,945,1,1
516582,1.1,5.7,8.2,0,0,943,1,1
516602,1.5,5.7,8.5,0,0,943,1,1
516622,1.2,5.5,8.0,0,0,943,1,1
516642,1.2,5.5,7.8,0,0,946,1,1
516662,1.1,5.8,8.7,0,0,945,1,1
516682,1.0,5.4,8.0,0,0,948,1,1
516702,1.0,5.5,8.1,0,0,947,1,1
516722,1.0,5.4,8.2,0,0,947,1,1
516742,0.9,5.4,8.1,0,0,944,1,1
516762,0.9,5.4,8.0,0,0,944,1,1
516782,0.8,5.3,7.9,0,0,945,1,1
516802,0.6,4.2,7.3,0,0,945,1,1
516822,1.8,6.6,17.9,0,0,946,1,1
516842,1.0,6.4,9.3,0,0,946,1,1
516862,0.7,5.8,8.2,0,0,944,1,1
516882,0.8,5.7,8.1,0,0,942,1,1
516902,0.8,5.5,8.0,0,0,945,1,1
516922,0.8,5.2,8.9,0,0,945,1,1
516942,0.8,5.5,8.0,0,0,945,1,1
516962,0.7,5.5,8.1,0,0,948,1,1
516982,0.8,5.7,8.2,0,0,948,1,1
517002,0.8,5.6,8.1,0,0,947,1,1
517022,0.8,5.8,8.1,0,0,946,1,1
517042,0.7,5.7,8.1,0,0,945,1,1
517062,0.8,5.7,8.1,0,0,948,1,1
517082,0.8,5.7,8.1,0,0,946,1,1
517102,0.8,5.7,8.1,0,0,945,1,1
517122,0.8,5.7,8.1,0,0,951,1,1
517142,0.7,5.7,8.0,0,0,946,1,1
517162,0.7,5.6,8.0,0,0,944,1,1
517182,0.7,5.6,8.1,0,0,945,1,1
517202,0.7,5.6,8.1,0,0,947,1,1
517222,0.7,5.6,8.1,0,0,944,1,1
517242,0.8,5.7,8.1,0,0,948,1,1
517262,0.8,5.6,8.1,0,0,945,1,1
517282,0.7,5.6,8.0,0,0,947,1,1
517302,0.7,5.6,8.1,0,0,945,1,1
517322,0.7,5.6,8.1,0,0,946,1,1
517342,0.7,5.6,8.1,0,0,946,1,1
517362,0.7,5.6,8.1,0,0,947,1,1
517382,0.8,5.6,8.1,0,0,947,1,1
517402,0.8,5.7,8.1,0,0,946,1,1
517422,0.8,5.7,8.0,0,0,945,1,1
517442,0.7,5.6,8.1,0,0,943,1,1
517462,0.7,5.6,8.1,0,0,944,1,1
517482,0.7,5.6,8.1,0,0,945,1,1
517502,0.7,5.6,8.1,0,0,947,1,1
517522,0.7,5.6,8.0,0,0,948,1,1
517542,0.8,5.7,8.1,0,0,947,1,1
517562,0.8,5.7,8.1,0,0,946,1,1
517582,0.8,5.9,8.4,0,0,946,1,1
517602,0.8,5.7,7.9,0,0,946,1,1
517622,0.9,7.5,7.8,0,0,944,1,1
517642,1.1,5.7,7.8,0,0,945,1,1
517662,0.5,5.9,8.6,0,0,945,1,1
517682,-0.6,5.8,8.7,0,0,945,1,1
517702,3.0,11.7,7.0,0,0,946,1,1
517722,-0.7,2.3,10.6,0,0,945,1,1
517742,0.4,3.4,6.0,0,0,946,1,1
517762,2.7,9.2,8.8,0,0,944,1,1
517782,0.9,4.9,8.4,0,0,945,1,1
517802,0.9,5.7,7.7,0,0,946,1,1
517822,0.9,6.0,8.0,0,0,946,1,1
517842,0.8,5.9,7.9,-3,4,947,1,1
517862,0.6,4.3,7.2,-7,2,945,1,1
517882,0.5,4.5,7.6,-7,1,945,1,1
517902,0.6,2.5,10.7,0,0,944,1,1
517922,0.6,6.8,7.7,0,0,945,1,1
517942,0.9,5.8,7.5,0,0,944,1,1
517962,0.5,4.8,8.1,0,0,946,1,1
517982,-3.2,-2.2,6.2,0,0,944,1,1
518002,5.9,15.4,-1.3,0,0,943,1,1
518022,1.1,3.9,8.8,0,0,946,1,1
518042,0.9,6.2,8.6,0,0,946,1,1
518062,0.7,5.1,7.7,0,0,945,1,1
518082,0.8,5.0,7.7,0,0,947,1,1
518102,0.7,5.5,7.8,0,0,946,1,1
518122,0.8,5.7,8.0,0,0,947,1,1
518142,0.7,5.7,8.0,0,0,944,1,1
518162,0.8,5.8,7.9,0,0,947,1,1
518182,0.7,5.8,8.0,0,0,946,1,1
518202,0.7,5.8,7.9,0,0,945,1,1
518222,0.7,5.8,8.0,0,0,944,1,1
518242,0.8,5.8,7.9,0,0,946,1,1
518262,0.7,5.8,7.9,0,0,944,1,1
518282,0.8,5.8,7.9,0,0,941,1,1
518302,0.7,5.8,7.9,0,0,945,1,1
518322,0.7,5.8,7.9,0,0,944,1,1
518342,0.8,5.8,7.9,0,0,946,1,1
518362,0.7,5.8,7.9,0,0,947,1,1
518382,0.7,5.8,7.9,0,0,943,1,1
518402,0.7,5.8,8.0,0,0,945,1,1
518422,0.8,5.8,8.0,0,0,945,1,1
518442,0.8,5.8,8.0,0,0,946,1,1
518462,0.8,5.8,8.0,0,0,945,1,1
518482,0.7,5.8,7.9,0,0,946,1,1
518502,0.7,5.8,8.0,0,0,945,1,1
518522,0.7,5.8,8.0,0,0,945,1,1
518542,0.7,5.8,7.9,0,0,946,1,1
518562,0.7,5.8,7.9,0,0,943,1,1
518582,0.7,5.8,7.9,0,0,945,1,1
518602,0.8,5.8,7.9,0,0,943,1,1
518622,0.8,5.8,7.9,0,0,944,1,1
518642,0.8,5.8,8.0,0,0,945,1,1
518662,0.7,5.8,7.9,0,0,946,1,1
518682,0.7,5.8,8.0,0,0,946,1,1
518702,0.7,5.8,8.0,0,0,946,1,1
518722,0.7,5.8,7.9,0,0,946,1,1
518742,0.8,5.8,8.0,0,0,948,1,1
518762,0.8,5.8,7.9,0,0,945,1,1
518782,0.7,5.8,8.0,0,0,946,1,1
518802,0.8,5.8,7.9,0,0,947,1,1
518822,0.7,5.8,7.9,0,0,946,1,1
518842,0.7,5.8,7.9,0,0,944,1,1
518862,0.8,5.8,8.0,0,0,945,1,1
518882,0.7,5.8,7.9,0,0,946,1,1
518902,0.7,5.8,8.0,0,0,945,1,1
518922,0.8,5.8,7.9,0,0,950,1,1
518942,0.7,5.8,8.0,0,0,946,1,1
518962,0.7,5.8,8.0,0,0,946,1,1
518982,0.8,5.8,7.9,0,0,945,1,1
519002,0.7,5.8,8.0,0,0,946,1,1
519022,0.7,5.8,7.9,0,0,946,1,1
519042,0.7,5.8,7.9,0,0,944,1,1
519062,0.8,5.8,7.9,0,0,946,1,1
519082,0.8,5.8,8.0,0,0,944,1,1
519102,0.7,5.8,7.9,0,0,944,1,1
519122,0.8,5.8,7.9,0,0,944,1,1
519142,0.7,5.8,7.9,0,0,945,1,1
519162,0.7,5.8,7.9,0,0,946,1,1
519182,0.7,5.8,8.0,0,0,945,1,1
519202,0.7,5.8,7.9,0,0,944,1,1
519222,0.7,5.8,7.9,0,0,946,1,1
519242,0.8,5.8,8.0,0,0,946,1,1
519262,0.8,5.8,7.9,0,0,944,1,1
519282,0.7,5.8,7.9,0,0,946,1,1
519302,0.7,5.8,7.9,0,0,944,1,1
519322,0.7,5.8,7.9,0,0,945,1,1
519342,0.8,5.8,8.0,0,0,948,1,1
519362,0.7,5.8,8.0,0,0,946,1,1
519382,0.8,5.8,7.9,0,0,942,1,1
519402,0.8,5.8,7.9,0,0,944,1,1
519422,0.8,5.8,7.9,0,0,946,1,1
519442,0.8,5.8,7.9,0,0,946,1,1
519462,0.8,5.8,7.9,0,0,946,1,1
519482,0.7,5.8,7.9,0,0,947,1,1
519502,0.7,5.7,7.8,0,0,946,1,1
519522,0.4,5.7,7.6,0,0,945,1,1
519542,0.7,3.3,7.2,0,0,946,1,1
519562,0.7,5.7,7.7,0,0,945,1,1
519582,0.7,5.9,7.7,0,0,945,1,1
519602,0.7,5.7,7.8,0,0,946,1,1
519622,0.7,5.8,8.1,0,0,946,1,1
519642,0.7,5.9,8.0,0,0,945,1,1
519662,0.7,5.8,7.9,0,0,942,1,1
519682,0.7,5.8,8.0,0,0,943,1,1
519702,0.7,5.8,7.9,0,0,944,1,1
519722,0.7,5.8,8.0,0,0,944,1,1
519742,0.8,5.8,7.9,0,0,948,1,1
519762,0.8,5.8,8.0,0,0,945,1,1
519782,0.8,5.8,8.0,0,0,948,1,1
519802,0.7,5.8,8.0,0,0,945,1,1
519822,0.7,5.7,8.0,0,0,945,1,1
519842,0.7,5.7,7.9,0,0,946,1,1
519862,0.7,5.7,8.0,0,0,945,1,1
519882,0.7,5.8,7.9,0,0,945,1,1
519902,0.8,5.8,8.0,0,0,945,1,1
519922,0.8,5.7,8.0,0,0,945,1,1
519942,0.8,5.8,8.0,0,0,943,1,1
519962,0.8,5.8,7.9,0,0,945,1,1
519982,0.8,5.8,8.0,0,0,945,1,1
520002,0.7,5.8,8.0,12,-4,949,1,1
520022,0.7,5.8,7.9,9,-2,946,1,1
520042,0.7,5.7,8.0,5,-1,944,1,1
520062,0.7,5.7,8.0,4,-2,947,1,1
520082,0.7,5.7,8.1,1,-1,944,1,1
520102,0.7,5.7,7.9,2,-2,945,1,1
520122,0.8,5.7,8.0,3,0,948,1,1
520142,0.7,5.9,8.0,-3,0,946,1,1
520162,0.7,5.7,8.0,-6,0,945,1,1
520182,0.7,5.7,8.0,-10,5,944,1,1
520202,0.7,5.6,8.0,-12,5,943,1,1
520222,0.7,5.7,8.0,-16,3,944,1,1
520242,0.8,5.7,7.7,-15,0,944,1,1
520262,0.8,5.8,8.0,-9,-1,945,1,1
520282,0.8,5.7,7.9,0,0,947,1,1
520302,0.8,5.7,8.0,0,0,944,1,1
520322,0.8,5.7,7.9,0,0,947,1,1
520342,0.7,5.8,8.0,0,0,948,1,1
520362,0.8,5.8,8.0,0,0,946,1,1
520382,0.7,5.8,8.0,0,0,946,1,1
520402,0.7,5.8,8.0,0,0,944,1,1
520422,0.7,5.8,8.0,0,0,945,1,1
520442,0.7,5.8,7.9,0,0,947,1,1
520462,0.7,6.2,7.9,0,0,944,1,1
520482,0.9,5.9,6.0,0,0,944,1,1
520502,0.6,6.6,6.9,0,0,945,1,1
520522,0.7,5.6,7.8,0,0,945,1,1
520542,0.7,5.8,7.9,0,0,948,1,1
520562,0.7,5.9,7.9,0,0,948,1,1
520582,0.7,5.8,7.9,0,0,946,1,1
520602,0.7,5.8,7.9,0,0,946,1,1
520622,0.7,5.8,7.9,0,0,946,1,1
520642,0.7,5.8,7.9,0,0,948,1,1
520662,0.8,5.9,7.9,0,0,944,1,1
520682,0.8,5.9,7.9,0,0,947,1,1
520702,0.8,5.9,7.9,0,0,947,1,1
520722,0.7,5.8,7.9,0,0,947,1,1
520742,0.7,5.8,7.9,0,0,944,1,1
520762,0.7,5.8,8.0,0,0,945,1,1
520782,0.7,5.9,7.9,0,0,945,1,1
520802,0.7,5.9,7.9,0,0,945,1,1
520822,0.8,5.8,7.9,0,0,945,1,1
520842,0.8,5.8,7.9,0,0,948,1,1
520862,0.7,5.8,7.9,0,0,946,1,1
520882,0.7,5.8,7.9,0,0,941,1,1
520902,0.7,5.8,7.9,0,0,945,1,1
520922,0.7,5.9,7.9,0,0,948,1,1
520942,0.7,5.9,7.9,0,0,947,1,1
520962,0.7,5.8,7.9,0,0,945,1,1
520982,0.7,5.8,7.9,0,0,945,1,1
521002,0.7,5.8,7.9,0,0,944,1,1
521022,0.7,5.8,7.9,0,0,945,1,1
521042,0.7,5.9,7.9,0,0,943,1,1
521062,0.7,5.8,7.9,0,0,945,1,1
521082,0.7,5.8,7.9,0,0,946,1,1
521102,0.7,5.8,7.9,0,0,945,1,1
521122,0.7,5.8,7.9,0,0,948,1,1
521142,0.7,5.9,7.9,0,0,947,1,1
521162,0.7,5.9,7.9,0,0,946,1,1
521182,0.7,5.9,7.9,0,0,947,1,1
521202,0.7,5.8,7.9,0,0,945,1,1
521222,0.7,5.8,7.9,0,0,944,1,1
521242,0.7,5.8,7.9,0,0,944,1,1
521262,0.8,5.8,7.9,0,0,946,1,1
521282,0.8,5.8,7.9,0,0,947,1,1
521302,0.8,5.8,7.9,0,0,947,1,1
521322,0.7,5.9,7.9,0,0,946,1,1
521342,0.7,5.8,8.0,0,0,944,1,1
521362,0.7,5.8,7.9,0,0,945,1,1
521382,0.7,5.8,7.9,0,0,944,1,1
521402,0.8,5.8,8.0,0,0,947,1,1
521422,0.8,5.9,7.9,0,0,946,1,1
521442,0.8,5.8,7.9,3,-3,945,1,1
521462,0.8,5.8,7.9,-2,-3,946,1,1
521482,0.7,6.0,7.9,-6,-1,945,1,1
521502,0.7,5.9,7.9,-8,0,946,1,1
521522,0.6,5.9,8.0,-11,0,946,1,1
521542,0.8,5.8,8.0,-11,-2,945,1,1
521562,0.7,5.6,8.1,-7,-1,945,1,1
521582,0.9,5.9,7.3,-4,-1,944,1,1
521602,0.9,6.9,8.6,0,0,941,1,1
521622,0.8,6.0,8.0,0,0,945,1,1
521642,0.8,5.9,7.9,0,0,943,1,1
521662,0.7,5.8,7.9,0,0,943,1,1
521682,0.7,5.8,7.9,0,0,948,1,1
521702,0.7,5.9,7.9,0,0,948,1,1
521722,0.7,5.9,7.9,0,0,945,1,1
521742,0.7,5.8,7.9,0,0,946,1,1
521762,0.8,5.8,7.9,0,0,947,1,1
521782,0.8,5.9,7.9,0,0,947,1,1
521802,0.8,5.9,7.9,0,0,945,1,1
521822,0.7,5.9,7.9,0,0,945,1,1
521842,0.7,5.9,7.9,0,0,947,1,1
521862,0.7,5.8,7.9,0,0,946,1,1
521882,0.7,5.9,7.9,0,0,943,1,1
521902,0.7,5.9,7.9,0,0,944,1,1
521922,0.7,5.8,7.9,0,0,944,1,1
521942,0.8,5.8,7.9,0,0,947,1,1
521962,0.8,5.8,7.9,0,0,947,1,1
521982,0.8,5.9,7.9,0,0,947,1,1
522002,0.7,5.8,7.9,0,0,945,1,1
522022,0.7,5.9,7.9,0,0,947,1,1
522042,0.7,5.9,7.9,0,0,945,1,1
522062,0.7,5.9,7.9,0,0,946,1,1
522082,0.8,5.9,7.9,0,0,945,1,1
522102,0.8,5.9,7.9,0,0,946,1,1
522122,0.8,5.8,7.9,0,0,945,1,1
522142,0.8,5.8,7.9,0,0,945,1,1
522162,0.8,5.9,7.9,0,0,943,1,1
522182,0.7,5.9,7.9,0,0,945,1,1
522202,0.7,5.9,7.9,0,0,945,1,1
522222,0.7,5.9,7.9,0,0,946,1,1
522242,0.8,5.9,7.9,0,0,948,1,1
522262,0.8,5.8,7.9,0,0,947,1,1
522282,0.8,5.8,7.9,0,0,945,1,1
522302,0.7,5.8,7.9,0,0,947,1,1
522322,0.7,5.9,7.9,0,0,945,1,1
522342,0.7,5.9,7.9,0,0,947,1,1
522362,0.7,5.9,7.9,0,0,943,1,1
522382,0.7,5.8,7.9,0,0,946,1,1
522402,0.7,5.9,7.9,0,0,945,1,1
522422,0.7,5.9,7.9,0,0,944,1,1
522442,0.8,5.8,7.9,0,0,944,1,1
522462,0.8,5.9,7.9,0,0,945,1,1
522482,0.7,5.8,7.9,0,0,944,1,1
522502,0.7,5.8,7.9,0,0,945,1,1
522522,0.7,5.8,7.9,0,0,947,1,1
522542,0.7,5.9,7.9,0,0,946,1,1
522562,0.7,5.9,7.9,0,0,946,1,1
522582,0.7,5.9,7.9,0,0,945,1,1
522602,0.8,5.9,7.9,0,0,945,1,1
522622,0.7,5.8,7.9,0,0,945,1,1
522642,0.8,5.9,7.9,0,0,947,1,1
522662,0.7,5.9,7.9,0,0,945,1,1
522682,0.7,5.9,7.9,0,0,946,1,1
522702,0.7,5.9,7.9,0,0,944,1,1
522722,0.7,5.9,7.9,0,0,944,1,1
522742,0.7,5.9,7.9,0,0,944,1,1
522762,0.8,5.8,7.9,0,0,945,1,1
522782,0.8,5.9,7.9,0,0,947,1,1
522802,0.7,5.8,7.8,0,0,948,1,1
522822,0.7,5.8,8.0,0,0,946,1,1
522842,0.7,5.9,7.9,0,0,946,1,1
522862,0.8,5.8,7.9,0,0,946,1,1
522882,0.7,5.9,7.9,0,0,946,1,1
522902,0.8,5.8,7.9,0,0,945,1,1
522922,0.7,5.8,8.0,-4,-1,945,1,1
522942,0.8,5.8,7.8,-10,-4,945,1,1
522962,0.7,5.8,7.8,-12,-5,944,1,1
522982,0.7,5.8,7.8,-8,-6,946,1,1
523002,0.7,5.9,7.9,-4,-3,943,1,1
523022,0.7,5.8,7.9,0,0,945,1,1
523042,0.8,5.9,7.9,0,0,947,1,1
523062,0.8,5.8,7.9,0,0,945,1,1
523082,0.7,5.8,7.9,0,0,946,1,1
523102,0.8,5.9,7.9,0,0,946,1,1
523122,0.7,5.8,7.9,0,0,946,1,1
523142,0.7,5.9,7.9,0,0,945,1,1
523162,0.7,5.9,7.9,0,0,946,1,1
523182,0.7,5.9,7.9,0,0,945,1,1
523202,0.7,5.9,7.9,0,0,945,1,1
523222,0.8,5.9,7.9,0,0,945,1,1
523242,0.8,5.8,7.9,0,0,944,1,1
523262,0.8,5.8,7.9,0,0,945,1,1
523282,0.8,5.9,7.9,0,0,945,1,1
523302,0.7,5.9,7.9,0,0,945,1,1
523322,0.7,5.9,7.9,0,0,946,1,1
523342,0.7,5.9,7.9,0,0,946,1,1
523362,0.8,5.8,7.9,0,0,946,1,1
523382,0.7,5.9,7.9,0,0,948,1,1
523402,0.7,5.8,7.9,0,0,945,1,1
523422,0.8,5.9,7.9,0,0,946,1,1
523442,0.8,5.9,7.9,0,0,946,1,1
523462,0.7,5.9,7.9,0,0,944,1,1
523482,0.7,5.9,7.9,0,0,944,1,1
523502,0.7,5.9,7.9,0,0,946,1,1
523522,0.7,5.8,7.9,0,0,946,1,1
523542,0.7,5.9,7.9,0,0,945,1,1
523562,0.7,5.9,7.9,0,0,945,1,1
523582,0.8,5.9,7.9,0,0,942,1,1
523602,0.8,5.8,7.9,0,0,944,1,1
523622,0.8,5.8,7.9,0,0,946,1,1
523642,0.7,5.8,7.9,0,0,945,1,1
523662,0.7,5.9,7.9,0,0,949,1,1
523682,0.7,5.9,7.9,0,0,947,1,1
523702,0.7,5.9,7.9,0,0,945,1,1
523722,0.7,5.9,7.9,0,0,945,1,1
523742,0.8,5.8,7.9,0,0,946,1,1
523762,0.8,5.8,7.9,0,0,945,1,1
523782,0.8,5.8,7.9,0,0,946,1,1
523802,0.7,5.9,7.9,0,0,946,1,1
523822,0.7,5.9,7.9,0,0,945,1,1
523842,0.7,5.8,7.9,0,0,946,1,1
523862,0.7,5.9,7.9,0,0,943,1,1
523882,0.7,5.9,7.9,0,0,944,1,1
523902,0.7,5.9,7.9,0,0,945,1,1
523922,0.8,5.8,7.9,0,0,944,1,1
523942,0.8,5.9,7.9,0,0,946,1,1
523962,0.7,5.9,7.9,0,0,947,1,1
523982,0.7,5.8,7.9,0,0,946,1,1
524002,0.7,5.8,7.9,0,0,946,1,1
524022,0.7,5.9,7.9,0,0,947,1,1
524042,0.7,5.9,7.9,0,0,946,1,1
524062,0.7,5.9,7.9,0,0,946,1,1
524082,0.8,5.9,7.9,0,0,944,1,1
524102,0.8,5.8,7.9,0,0,944,1,1
524122,0.7,5.8,7.9,0,0,944,1,1
524142,0.7,5.8,7.9,0,0,946,1,1
524162,0.7,5.9,7.9,0,0,943,1,1
524182,0.6,5.8,8.0,0,0,944,1,1
524202,0.7,5.9,8.0,0,0,946,1,1
524222,0.7,5.9,8.1,0,0,946,1,1
524242,0.7,6.0,8.0,0,0,947,1,1
524262,0.8,5.8,7.9,9,4,945,1,1
524282,0.7,5.8,8.0,1,2,946,1,1
524302,0.8,5.9,8.0,-4,2,946,1,1
524322,0.7,5.8,7.8,-11,1,946,1,1
524342,0.7,5.8,7.9,-15,-2,944,1,1
524362,0.7,5.8,7.9,-16,-3,946,1,1
524382,0.7,5.8,7.9,-15,-2,945,1,1
524402,0.8,5.7,8.0,-12,-2,946,1,1
524422,0.7,5.7,7.9,-9,-3,945,1,1
524442,0.7,5.7,7.9,-5,-3,945,1,1
524462,0.7,5.7,8.0,-3,-3,942,1,1
524482,0.7,5.6,8.0,0,0,946,1,1
524502,0.8,5.9,7.6,0,0,946,1,1
524522,0.7,6.0,8.0,0,0,946,1,1
524542,0.7,5.8,8.0,0,0,950,1,1
524562,0.7,5.9,7.9,0,0,945,1,1
524582,0.7,5.9,7.9,0,0,946,1,1
524602,0.7,5.9,7.9,0,0,948,1,1
524622,0.7,5.8,7.9,0,0,945,1,1
524642,0.8,5.9,7.9,0,0,943,1,1
524662,0.7,5.9,7.9,0,0,946,1,1
524682,0.7,5.9,7.9,0,0,946,1,1
524702,0.7,5.9,7.9,0,0,945,1,1
524722,0.7,5.8,7.9,0,0,946,1,1
524742,0.7,5.9,7.9,0,0,946,1,1
524762,0.7,5.9,7.9,0,0,944,1,1
524782,0.7,5.9,7.9,0,0,944,1,1
524802,0.8,5.9,7.9,0,0,945,1,1
524822,0.7,5.9,7.9,0,0,944,1,1
524842,0.8,5.9,7.9,0,0,947,1,1
524862,0.7,5.8,7.9,0,0,944,1,1
524882,0.7,5.9,7.9,0,0,946,1,1
524902,0.7,5.9,7.9,0,0,946,1,1
524922,0.7,5.9,7.9,0,0,945,1,1
524942,0.7,5.9,7.9,0,0,944,1,1
524962,0.8,5.8,7.9,0,0,945,1,1
524982,0.8,5.9,7.9,0,0,947,1,1
525002,0.7,5.8,7.9,0,0,945,1,1
525022,0.7,5.9,7.9,0,0,945,1,1
525042,0.7,5.9,7.9,0,0,943,1,1
525062,0.7,5.9,7.9,0,0,945,1,1
525082,0.7,5.9,7.9,0,0,946,1,1
525102,0.7,5.8,7.9,0,0,945,1,1
525122,0.7,5.8,7.9,0,0,947,1,1
525142,0.7,5.9,7.9,0,0,944,1,1
525162,0.8,5.9,7.9,0,0,945,1,1
525182,0.7,5.9,7.9,0,0,946,1,1
525202,0.8,5.9,7.9,0,0,945,1,1
525222,0.7,5.9,7.9,0,0,945,1,1
525242,0.7,5.8,7.9,0,0,946,1,1
525262,0.7,5.8,7.9,0,0,945,1,1
525282,0.7,5.9,7.9,0,0,945,1,1
525302,0.8,5.9,7.9,0,0,946,1,1
525322,0.8,5.9,7.9,0,0,947,1,1
525342,0.7,5.9,7.9,0,0,945,1,1
525362,0.7,5.9,7.9,0,0,945,1,1
525382,0.7,5.9,7.9,0,0,945,1,1
525402,0.7,5.8,7.9,0,0,945,1,1
525422,0.7,5.9,7.9,0,0,946,1,1
525442,0.7,5.9,7.9,0,0,945,1,1
525462,0.7,5.9,7.9,0,0,945,1,1
525482,0.8,5.9,7.9,0,0,945,1,1
525502,0.8,5.8,7.9,0,0,945,1,1
525522,0.7,5.9,7.9,0,0,945,1,1
525542,0.7,5.9,7.9,0,0,945,1,1
525562,0.6,5.8,7.5,0,0,943,1,1
525582,0.9,5.8,7.8,0,0,945,1,1
525602,0.7,5.9,7.9,0,0,946,1,1
525622,0.7,5.9,7.9,0,0,943,1,1
525642,0.8,5.7,7.9,0,0,944,1,1
525662,0.7,6.1,8.2,23,4,944,1,1
525682,0.8,6.0,8.1,22,3,944,1,1
525702,0.6,5.5,7.3,15,3,947,1,1
525722,0.8,5.8,8.1,2,1,947,1,1
525742,0.7,5.9,8.1,-5,5,946,1,1
525762,0.7,5.8,8.0,-9,3,947,1,1
525782,0.7,5.9,8.0,-10,4,945,1,1
525802,0.7,5.8,7.9,-12,1,948,1,1
525822,0.7,5.9,7.9,-12,0,945,1,1
525842,0.7,5.9,7.9,-9,0,948,1,1
525862,0.7,5.9,7.9,-7,-1,946,1,1
525882,0.7,5.9,8.0,0,0,945,1,1
525902,0.7,5.9,7.9,0,0,943,1,1
525922,0.7,5.9,7.9,0,0,946,1,1
525942,0.7,5.9,7.9,0,0,945,1,1
525962,0.7,5.9,7.9,0,0,947,1,1
525982,0.7,5.9,7.9,0,0,950,1,1
526002,0.8,5.9,7.9,0,0,948,1,1
526022,0.7,5.8,7.9,0,0,945,1,1
526042,0.7,5.9,7.9,0,0,945,1,1
526062,0.7,5.9,7.9,0,0,946,1,1
526082,0.7,5.9,7.9,0,0,947,1,1
526102,0.7,5.9,7.9,0,0,946,1,1
526122,0.7,5.8,7.9,0,0,945,1,1
526142,0.7,5.9,7.9,0,0,946,1,1
526162,0.7,5.9,7.9,0,0,945,1,1
526182,0.7,5.9,7.9,0,0,943,1,1
526202,0.7,5.9,7.9,0,0,944,1,1
526222,0.7,5.9,7.9,0,0,946,1,1
526242,0.7,5.9,7.9,0,0,946,1,1
526262,0.7,5.8,7.9,0,0,947,1,1
526282,0.7,5.9,7.9,0,0,947,1,1
526302,0.7,5.9,7.9,0,0,946,1,1
526322,0.7,5.9,7.9,0,0,946,1,1
526342,0.7,5.9,7.9,0,0,946,1,1
526362,0.7,5.9,7.9,0,0,946,1,1
526382,0.7,5.8,7.9,0,0,946,1,1
526402,0.7,5.8,7.9,0,0,947,1,1
526422,0.7,5.9,7.9,0,0,945,1,1
526442,0.7,5.9,7.9,0,0,947,1,1
526462,0.7,5.9,7.9,0,0,945,1,1
526482,0.7,5.9,7.9,0,0,946,1,1
526502,0.7,5.8,7.9,0,0,945,1,1
526522,0.7,5.8,7.9,0,0,945,1,1
526542,0.7,5.9,7.9,0,0,945,1,1
526562,0.7,5.9,7.9,0,0,947,1,1
526582,0.7,5.9,7.8,0,0,947,1,1
526602,0.7,5.9,7.9,0,0,946,1,1
526622,0.7,5.8,7.9,0,0,945,1,1
526642,0.7,5.8,7.9,0,0,946,1,1
526662,0.7,5.9,7.9,0,0,946,1,1
526682,0.7,5.9,7.9,0,0,945,1,1
526702,0.7,5.9,7.8,0,0,946,1,1
526722,0.7,5.9,7.9,0,0,947,1,1
526742,0.7,5.9,7.9,0,0,944,1,1
526762,0.7,5.8,7.9,0,0,945,1,1
526782,0.7,5.8,7.9,0,0,945,1,1
526802,0.7,5.9,7.9,0,0,945,1,1
526822,0.7,5.9,7.9,0,0,947,1,1
526842,0.7,5.9,7.9,0,0,946,1,1
526862,0.7,5.9,7.9,0,0,946,1,1
526882,0.7,5.9,7.9,0,0,945,1,1
526902,0.7,5.9,7.9,0,0,946,1,1
526922,0.7,5.9,7.9,0,0,945,1,1
526942,0.7,5.9,7.9,0,0,945,1,1
526962,0.7,5.9,7.9,0,0,945,1,1
526982,0.7,5.9,8.0,0,0,946,1,1
527002,0.7,5.6,7.8,0,0,946,1,1
527022,0.7,5.8,8.0,0,0,944,1,1
527042,0.7,6.0,8.1,0,0,944,1,1
527062,1.0,5.8,8.8,0,0,943,1,1
527082,0.5,5.4,7.4,0,0,946,1,1
527102,0.4,5.7,6.8,0,0,946,1,1
527122,0.7,5.7,7.8,0,0,945,1,1
527142,0.7,5.6,7.7,0,0,945,1,1
527162,0.7,5.8,7.9,-6,10,945,1,1
527182,0.5,5.8,7.9,-10,5,946,1,1
527202,0.8,6.0,8.0,-11,1,945,1,1
527222,0.7,5.9,7.9,-10,-1,947,1,1
527242,0.7,5.9,7.9,-6,-3,946,1,1
527262,0.7,5.9,7.7,-2,-3,945,1,1
527282,0.7,5.8,7.9,0,0,943,1,1
527302,0.7,5.8,7.9,0,0,946,1,1
527322,0.7,5.9,7.9,0,0,943,1,1
527342,0.7,5.9,7.9,0,0,946,1,1
527362,0.7,5.9,7.9,0,0,948,1,1
527382,0.7,5.9,7.9,0,0,946,1,1
527402,0.7,5.9,7.9,0,0,948,1,1
527422,0.7,5.9,7.9,0,0,946,1,1
527442,0.7,5.9,7.9,0,0,945,1,1
527462,0.7,5.9,7.9,0,0,943,1,1
527482,0.7,5.9,7.9,0,0,946,1,1
527502,0.7,5.9,7.9,0,0,945,1,1
527522,0.7,5.9,7.9,0,0,947,1,1
527542,0.7,5.9,7.9,0,0,946,1,1
527562,0.7,5.9,7.9,0,0,944,1,1
527582,0.7,5.9,7.9,0,0,946,1,1
527602,0.7,5.9,7.9,0,0,945,1,1
527622,0.7,5.9,7.9,0,0,945,1,1
527642,0.7,5.8,7.9,0,0,947,1,1
527662,0.7,5.8,7.9,0,0,948,1,1
527682,0.7,5.9,7.9,0,0,945,1,1
527702,0.7,5.9,7.9,0,0,948,1,1
527722,0.7,5.9,7.8,0,0,945,1,1
527742,0.7,5.9,7.9,0,0,948,1,1
527762,0.7,5.9,7.9,0,0,945,1,1
527782,0.7,5.8,7.9,0,0,946,1,1
527802,0.7,5.9,7.9,0,0,947,1,1
527822,0.7,5.9,7.9,0,0,946,1,1
527842,0.7,5.9,7.9,0,0,944,1,1
527862,0.7,5.9,7.9,0,0,946,1,1
527882,0.7,5.9,7.9,0,0,946,1,1
527902,0.7,5.8,7.9,0,0,944,1,1
527922,0.7,5.8,7.9,0,0,952,1,1
527942,0.7,5.9,7.9,0,0,947,1,1
527962,0.7,5.9,7.9,0,0,947,1,1
527982,0.7,5.9,7.9,0,0,948,1,1
528002,0.7,5.9,7.9,0,0,945,1,1
528022,0.7,5.8,7.9,0,0,946,1,1
528042,0.7,5.9,7.9,0,0,945,1,1
528062,0.7,5.9,7.9,0,0,946,1,1
528082,0.7,5.9,7.9,0,0,948,1,1
528102,0.7,5.9,7.9,0,0,946,1,1
528122,0.7,5.9,7.9,0,0,944,1,1
528142,0.7,5.9,7.9,0,0,945,1,1
528162,0.7,5.9,7.9,0,0,945,1,1
528182,0.7,5.9,7.9,0,0,945,1,1
528202,0.7,5.9,7.9,0,0,949,1,1
528222,0.7,5.9,7.9,0,0,948,1,1
528242,0.7,5.9,7.8,0,0,945,1,1
528262,0.7,5.9,7.9,0,0,947,1,1
528282,0.8,5.9,7.9,0,0,947,1,1
528302,0.7,5.8,7.9,0,0,945,1,1
528322,0.7,5.9,8.0,0,0,948,1,1
528342,0.8,5.6,7.9,0,0,947,1,1
528362,0.7,5.8,7.8,0,0,945,1,1
528382,0.8,6.0,7.9,0,0,944,1,1
528402,0.7,5.7,7.9,0,0,945,1,1
528422,0.7,5.9,8.0,0,0,946,1,1
528442,0.6,5.8,8.0,4,2,944,1,1
528462,0.7,5.8,7.7,-3,4,948,1,1
528482,0.6,5.6,7.5,-7,4,948,1,1
528502,0.6,6.0,7.9,-14,3,945,1,1
528522,0.8,6.0,8.8,-13,1,948,1,1
528542,0.6,6.0,8.6,-11,0,946,1,1
528562,0.7,5.8,7.9,-9,0,947,1,1
528582,0.6,5.8,8.0,-6,0,945,1,1
528602,0.8,6.0,7.9,-4,0,947,1,1
528622,-0.2,3.6,6.0,0,0,945,1,1
528642,0.5,5.0,7.5,0,0,946,1,1
528662,0.7,5.7,8.1,0,0,947,1,1
528682,0.7,5.9,7.9,0,0,946,1,1
528702,0.7,5.9,7.9,0,0,946,1,1
528722,0.7,5.9,7.9,0,0,949,1,1
528742,0.7,5.9,7.9,0,0,947,1,1
528762,0.7,5.9,7.9,0,0,945,1,1
528782,0.7,5.9,7.9,0,0,946,1,1
528802,0.7,5.9,7.9,0,0,946,1,1
528822,0.7,5.9,7.9,0,0,945,1,1
528842,0.7,5.9,7.9,0,0,945,1,1
528862,0.7,5.9,7.9,0,0,946,1,1
528882,0.7,5.9,7.9,0,0,946,1,1
528902,0.7,5.9,7.9,0,0,918,1,1
528922,0.7,5.9,7.9,0,0,943,1,1
528942,0.7,5.9,7.9,0,0,946,1,1
528962,0.7,5.9,7.9,0,0,946,1,1
528982,0.7,5.9,7.9,0,0,946,1,1
529002,0.7,5.9,7.9,0,0,951,1,1
529022,0.7,5.9,7.9,0,0,944,1,1
529042,0.7,5.9,7.9,0,0,947,1,1
529062,0.7,5.9,7.9,0,0,943,1,1
529082,0.7,5.8,7.9,0,0,946,1,1
529102,0.7,5.8,7.9,0,0,946,1,1
529122,0.7,5.9,7.9,0,0,945,1,1
529142,0.7,5.9,7.9,0,0,944,1,1
529162,0.7,5.9,7.9,0,0,945,1,1
529182,0.7,5.9,7.9,0,0,945,1,1
529202,0.7,5.9,7.9,0,0,944,1,1
529222,0.7,5.9,7.9,0,0,944,1,1
529242,0.7,5.9,7.9,0,0,948,1,1
529262,0.7,5.9,7.9,0,0,946,1,1
529282,0.7,5.9,7.9,0,0,947,1,1
529302,0.7,5.9,7.9,0,0,947,1,1
529322,0.7,5.9,7.9,0,0,945,1,1
529342,0.7,5.9,7.9,0,0,946,1,1
529362,0.7,5.9,7.9,0,0,947,1,1
529382,0.7,5.9,7.9,0,0,947,1,1
529402,0.7,5.9,7.9,0,0,946,1,1
529422,0.7,5.9,7.9,0,0,946,1,1
529442,0.7,5.9,7.9,0,0,946,1,1
529462,0.7,5.9,7.9,0,0,946,1,1
529482,0.7,5.9,7.9,0,0,944,1,1
529502,0.7,5.9,7.9,0,0,946,1,1
529522,0.7,5.9,7.9,0,0,946,1,1
529542,0.7,5.9,7.9,0,0,944,1,1
529562,0.7,5.9,7.9,0,0,945,1,1
529582,0.7,5.9,7.9,0,0,948,1,1
529602,0.8,5.9,7.9,0,0,946,1,1
529622,0.8,5.9,7.9,0,0,946,1,1
529642,0.7,5.9,7.9,0,0,946,1,1
529662,0.8,5.8,8.0,0,0,946,1,1
529682,0.9,5.7,7.9,0,0,946,1,1
529702,0.7,5.8,7.8,0,0,946,1,1
529722,0.6,5.5,7.8,0,0,946,1,1
529742,0.7,5.6,7.7,0,0,946,1,1
529762,0.7,5.8,8.0,17,-3,944,1,1
529782,0.7,5.8,7.9,4,-2,945,1,1
529802,0.7,5.9,8.3,-7,2,945,1,1
529822,0.6,5.7,7.9,-10,1,948,1,1
529842,0.6,5.4,7.7,-15,3,948,1,1
529862,0.7,5.8,8.1,-14,2,946,1,1
529882,0.7,5.8,8.0,-13,1,944,1,1
529902,0.7,6.2,8.1,-10,0,947,1,1
529922,0.7,5.9,8.0,-8,0,948,1,1
529942,0.7,5.7,7.9,-7,0,946,1,1
529962,0.7,5.8,7.8,-6,0,945,1,1
529982,0.7,5.8,7.9,-4,-2,945,1,1
530002,1.0,4.9,7.9,-2,-3,944,1,1
530022,0.7,5.9,8.0,0,0,933,1,1
530042,0.7,5.9,8.0,0,0,944,1,1
530062,0.7,5.8,7.9,0,0,945,1,1
530082,0.7,5.9,7.9,0,0,948,1,1
530102,0.7,5.9,7.9,0,0,946,1,1
530122,0.7,5.9,7.9,0,0,946,1,1
530142,0.7,5.9,7.9,0,0,945,1,1
530162,0.7,5.9,7.9,0,0,946,1,1
530182,0.7,5.9,7.9,0,0,948,1,1
530202,0.7,5.9,7.9,0,0,946,1,1
530222,0.7,5.9,7.9,0,0,946,1,1
530242,0.7,5.9,7.9,0,0,945,1,1
530262,0.7,5.9,7.9,0,0,945,1,1
530282,0.7,5.9,7.9,0,0,946,1,1
530302,0.7,5.9,7.9,0,0,943,1,1
530322,0.7,5.9,7.9,0,0,944,1,1
530342,0.7,5.9,7.9,0,0,946,1,1
530362,0.7,5.8,7.9,0,0,946,1,1
530382,0.7,5.9,7.9,0,0,946,1,1
530402,0.7,5.9,7.9,0,0,947,1,1
530422,0.7,5.9,7.9,0,0,944,1,1
530442,0.7,5.9,7.9,0,0,946,1,1
530462,0.8,5.8,7.9,0,0,943,1,1
530482,0.7,5.8,7.9,0,0,945,1,1
530502,0.7,5.9,7.9,0,0,945,1,1
530522,0.7,5.9,7.9,0,0,946,1,1
530542,0.7,5.9,7.9,0,0,943,1,1
530562,0.7,5.9,7.9,0,0,944,1,1
530582,0.7,5.8,7.9,0,0,944,1,1
530602,0.7,5.8,7.9,0,0,947,1,1
530622,0.7,5.8,7.9,0,0,946,1,1
530642,0.7,5.9,7.9,0,0,948,1,1
530662,0.7,5.9,7.8,0,0,946,1,1
530682,0.7,5.9,7.9,0,0,946,1,1
530702,0.7,5.9,7.9,0,0,946,1,1
530722,0.7,5.8,7.9,0,0,946,1,1
530742,0.7,5.9,7.9,0,0,944,1,1
530762,0.7,5.9,7.9,0,0,947,1,1
530782,0.7,5.9,7.9,0,0,944,1,1
530802,0.7,5.9,7.9,0,0,947,1,1
530822,0.7,5.9,7.9,0,0,945,1,1
530842,0.7,5.9,7.9,0,0,943,1,1
530862,0.7,5.9,7.9,0,0,944,1,1
530882,0.7,5.9,7.9,0,0,947,1,1
530902,0.7,5.9,7.9,0,0,945,1,1
530922,0.7,5.9,7.9,0,0,949,1,1
530942,0.7,5.9,7.9,0,0,948,1,1
530962,0.7,5.9,8.0,0,0,947,1,1
530982,0.7,6.0,8.0,0,0,946,1,1
531002,0.7,5.9,8.4,0,0,948,1,1
531022,0.8,6.3,8.0,0,0,944,1,1
531042,0.6,5.4,7.3,0,0,944,1,1
531062,0.7,6.0,8.3,0,0,946,1,1
531082,0.6,5.7,7.7,2,2,942,1,1
531102,0.7,5.8,7.9,-3,3,947,1,1
531122,0.7,5.7,7.9,-9,2,946,1,1
531142,0.6,5.6,7.7,-11,0,944,1,1
531162,0.7,5.9,8.1,-11,-1,946,1,1
531182,0.6,6.0,8.0,-8,-4,946,1,1
531202,0.7,5.7,7.6,-7,-4,946,1,1
531222,0.7,5.8,7.9,-6,-4,945,1,1
531242,0.7,5.7,7.8,-5,-3,945,1,1
531262,0.8,5.8,7.8,-3,-2,948,1,1
531282,0.8,6.7,8.2,0,0,947,1,1
531302,0.8,6.0,7.7,0,0,945,1,1
531322,0.7,6.0,7.9,0,0,944,1,1
531342,0.7,5.9,7.9,0,0,945,1,1
531362,0.7,5.9,7.9,0,0,945,1,1
531382,0.7,5.9,7.9,0,0,942,1,1
531402,0.7,5.9,7.9,0,0,945,1,1
531422,0.7,5.9,7.9,0,0,946,1,1
531442,0.7,5.9,7.9,0,0,945,1,1
531462,0.7,5.9,7.9,0,0,946,1,1
531482,0.8,5.9,7.9,0,0,944,1,1
531502,0.7,5.9,7.9,0,0,946,1,1
531522,0.7,5.9,7.9,0,0,946,1,1
531542,0.7,5.9,7.9,0,0,945,1,1
531562,0.7,5.9,7.9,0,0,946,1,1
531582,0.7,5.9,7.9,0,0,945,1,1
531602,0.7,5.9,7.9,0,0,947,1,1
531622,0.8,5.9,7.9,0,0,947,1,1
531642,0.7,5.9,7.9,0,0,944,1,1
531662,0.7,5.8,7.9,0,0,944,1,1
531682,0.7,5.9,7.9,0,0,946,1,1
531702,0.7,5.9,7.9,0,0,945,1,1
531722,0.7,5.9,7.9,0,0,947,1,1
531742,0.7,5.9,7.9,0,0,946,1,1
531762,0.7,5.9,7.9,0,0,946,1,1
531782,0.7,5.9,7.9,0,0,946,1,1
531802,0.7,5.9,7.9,0,0,945,1,1
531822,0.7,5.9,7.9,0,0,945,1,1
531842,0.7,5.9,7.9,0,0,946,1,1
531862,0.7,5.9,7.9,0,0,947,1,1
531882,0.7,5.9,7.9,0,0,946,1,1
531902,0.7,5.8,7.9,0,0,946,1,1
531922,0.8,5.8,7.9,0,0,943,1,1
531942,0.8,5.9,7.9,0,0,945,1,1
531962,0.7,5.9,7.9,0,0,944,1,1
531982,0.7,5.9,7.9,0,0,946,1,1
532002,0.7,5.9,7.9,0,0,947,1,1
532022,0.7,5.9,7.9,0,0,945,1,1
532042,0.7,5.9,7.9,0,0,946,1,1
532062,0.7,5.9,7.9,0,0,945,1,1
532082,0.7,5.9,7.9,0,0,945,1,1
532102,0.7,5.9,7.9,0,0,945,1,1
532122,0.7,5.9,7.9,0,0,945,1,1
532142,0.7,5.9,7.9,0,0,945,1,1
532162,0.7,5.9,7.9,0,0,945,1,1
532182,0.7,5.9,7.9,0,0,947,1,1
532202,0.7,5.9,7.9,0,0,943,1,1
532222,0.7,5.9,7.9,0,0,945,1,1
532242,0.7,5.9,7.9,0,0,947,1,1
532262,0.8,5.9,7.9,0,0,947,1,1
532282,0.7,5.8,7.9,0,0,950,1,1
532302,0.7,5.9,7.9,0,0,947,1,1
532322,0.7,5.9,7.9,0,0,945,1,1
532342,0.7,5.9,7.9,0,0,945,1,1
532362,0.7,5.9,7.9,0,0,946,1,1
532382,0.7,5.9,7.9,0,0,947,1,1
532402,0.9,5.7,7.4,0,0,948,1,1
532422,0.8,5.9,8.3,0,0,945,1,1
532442,0.8,5.9,7.7,0,0,947,1,1
532462,0.7,5.5,7.6,0,0,943,1,1
532482,0.7,5.8,8.3,0,0,943,1,1
532502,0.6,5.9,8.3,27,0,945,1,1
532522,0.7,5.4,7.5,19,1,948,1,1
532542,0.8,6.1,8.3,9,2,949,1,1
532562,0.6,5.4,7.5,0,3,947,1,1
532582,0.9,6.0,8.4,-9,1,945,1,1
532602,0.7,5.7,7.9,-16,1,946,1,1
532622,0.7,5.7,7.8,-16,0,947,1,1
532642,0.7,5.7,7.9,-14,-1,948,1,1
532662,0.8,6.2,8.0,-11,0,943,1,1
532682,0.5,5.0,7.2,-8,-1,946,1,1
532702,0.7,5.7,7.8,0,0,948,1,1
532722,0.7,5.7,7.8,0,0,942,1,1
532742,0.7,5.9,7.8,0,0,944,1,1
532762,0.8,5.9,7.9,0,0,945,1,1
532782,0.7,5.9,7.9,0,0,945,1,1
532802,0.7,5.9,7.9,0,0,948,1,1
532822,0.7,5.9,7.9,0,0,948,1,1
532842,0.7,5.9,7.9,0,0,947,1,1
532862,0.7,5.9,7.9,0,0,938,1,1
532882,0.7,5.9,7.9,0,0,946,1,1
532902,0.7,5.9,7.9,0,0,945,1,1
532922,0.7,5.9,7.9,0,0,946,1,1
532942,0.7,5.9,7.9,0,0,944,1,1
532962,0.7,5.9,7.9,0,0,946,1,1
532982,0.7,5.9,7.9,0,0,943,1,1
533002,0.7,5.9,7.9,0,0,942,1,1
533022,0.7,5.9,7.9,0,0,946,1,1
533042,0.7,5.9,7.9,0,0,945,1,1
533062,0.7,5.9,7.9,0,0,950,1,1
533082,0.7,5.9,7.9,0,0,947,1,1
533102,0.7,5.9,7.9,0,0,946,1,1
533122,0.8,5.9,7.9,0,0,945,1,1
533142,0.7,5.9,7.9,0,0,946,1,1
533162,0.7,5.9,7.9,0,0,946,1,1
533182,0.7,5.9,7.9,0,0,945,1,1
533202,0.7,5.9,7.9,0,0,943,1,1
533222,0.7,5.9,7.9,0,0,944,1,1
533242,0.7,5.9,7.9,0,0,946,1,1
533262,0.7,5.9,7.9,0,0,944,1,1
533282,0.7,5.9,7.9,0,0,944,1,1
533302,0.7,5.9,7.9,0,0,944,1,1
533322,0.7,5.9,7.9,0,0,944,1,1
533342,0.7,5.9,7.9,0,0,947,1,1
533362,0.7,5.9,7.9,0,0,946,1,1
533382,0.7,5.9,7.9,0,0,945,1,1
533402,0.7,5.9,7.9,0,0,946,1,1
533422,0.7,5.9,7.9,0,0,945,1,1
533442,0.7,5.9,7.9,0,0,946,1,1
533462,0.7,5.9,7.9,0,0,946,1,1
533482,0.7,5.9,7.9,0,0,946,1,1
533502,0.7,5.9,7.9,0,0,946,1,1
533522,0.7,5.9,7.9,0,0,943,1,1
533542,0.7,5.9,7.9,0,0,944,1,1
533562,0.7,5.9,7.9,0,0,946,1,1
533582,0.7,5.9,7.9,0,0,945,1,1
533602,0.7,5.9,7.9,0,0,949,1,1
533622,0.7,5.9,7.9,0,0,948,1,1
533642,0.7,5.9,7.9,0,0,944,1,1
533662,0.7,5.9,7.9,0,0,945,1,1
533682,0.7,5.9,7.9,0,0,945,1,1
533702,0.7,5.9,8.0,0,0,946,1,1
533722,0.7,5.8,8.0,0,0,945,1,1
533742,0.7,6.1,8.3,0,0,946,1,1
533762,0.7,5.9,8.2,0,0,945,1,1
533782,0.7,5.3,7.1,0,0,945,1,1
533802,0.8,5.9,8.3,0,0,945,1,1
533822,0.6,5.3,7.5,6,0,944,1,1
533842,0.7,6.0,8.3,-1,5,947,1,1
533862,0.7,5.7,7.8,-6,6,946,1,1
533882,0.7,5.7,7.9,-7,4,949,1,1
533902,0.6,5.9,8.0,-12,3,945,1,1
533922,0.8,5.9,8.2,-12,0,947,1,1
533942,1.1,5.9,7.8,-10,0,945,1,1
533962,0.7,5.8,8.0,-8,0,944,1,1
533982,0.7,5.8,7.9,-6,0,946,1,1
534002,0.8,5.8,8.0,-5,0,946,1,1
534022,0.8,6.0,8.1,-2,0,947,1,1
534042,0.3,5.5,8.8,0,0,946,1,1
534062,0.5,6.0,7.8,0,0,943,1,1
534082,0.6,5.8,8.1,0,0,944,1,1
534102,0.7,5.8,7.9,0,0,943,1,1
534122,0.7,5.9,7.9,0,0,946,1,1
534142,0.7,5.9,7.9,0,0,947,1,1
534162,0.7,5.9,7.9,0,0,947,1,1
534182,0.7,5.9,7.9,0,0,945,1,1
534202,0.7,5.9,7.9,0,0,945,1,1
534222,0.7,5.9,7.9,0,0,947,1,1
534242,0.7,5.9,7.9,0,0,948,1,1
534262,0.7,5.9,7.9,0,0,945,1,1
534282,0.7,5.9,7.9,0,0,949,1,1
534302,0.7,5.9,7.9,0,0,944,1,1
534322,0.7,5.8,7.9,0,0,946,1,1
534342,0.7,5.9,7.9,0,0,944,1,1
534362,0.7,5.9,7.8,0,0,944,1,1
534382,0.7,5.9,7.9,0,0,946,1,1
534402,0.7,5.9,7.9,0,0,946,1,1
534422,0.7,5.9,7.9,0,0,948,1,1
534442,0.7,5.9,7.9,0,0,947,1,1
534462,0.7,5.9,7.9,0,0,947,1,1
534482,0.7,5.9,7.9,0,0,946,1,1
534502,0.7,5.9,7.9,0,0,946,1,1
534522,0.7,5.9,7.9,0,0,946,1,1
534542,0.7,5.9,7.9,0,0,945,1,1
534562,0.7,5.9,7.9,0,0,946,1,1
534582,0.8,5.9,7.9,0,0,945,1,1
534602,0.7,5.9,7.9,0,0,944,1,1
534622,0.7,5.9,7.9,0,0,943,1,1
534642,0.7,5.9,7.9,0,0,946,1,1
534662,0.7,5.9,7.9,0,0,944,1,1
534682,0.7,5.9,7.9,0,0,944,1,1
534702,0.7,5.9,7.9,0,0,948,1,1
534722,0.7,5.9,7.9,0,0,947,1,1
534742,0.7,5.9,7.9,0,0,944,1,1
534762,0.7,5.9,7.9,0,0,947,1,1
534782,0.7,5.9,7.9,0,0,945,1,1
534802,0.7,5.9,7.9,0,0,947,1,1
534822,0.7,5.9,7.9,0,0,945,1,1
534842,0.7,5.9,7.9,0,0,944,1,1
534862,0.7,5.9,7.9,0,0,946,1,1
534882,0.7,5.9,7.9,0,0,946,1,1
534902,0.7,5.9,7.9,0,0,944,1,1
534922,0.7,5.9,7.9,0,0,946,1,1
534942,0.7,5.9,7.9,0,0,943,1,1
534962,0.7,5.9,7.9,0,0,946,1,1
534982,0.7,5.9,7.9,0,0,946,1,1
535002,0.7,5.9,7.9,0,0,945,1,1
535022,0.7,5.9,7.9,0,0,946,1,1
535042,0.7,5.9,7.9,0,0,945,1,1
535062,0.7,5.9,7.9,0,0,945,1,1
535082,0.7,5.9,7.9,0,0,946,1,1
535102,0.7,5.9,7.9,0,0,945,1,1
535122,0.7,5.8,8.0,0,0,944,1,1
535142,0.7,6.0,8.1,0,0,946,1,1
535162,0.6,6.4,8.3,0,0,946,1,1
535182,0.5,5.9,7.7,0,0,945,1,1
535202,0.7,5.2,7.5,0,0,946,1,1
535222,0.7,6.0,8.3,0,0,944,1,1
535242,0.8,6.1,8.5,13,-1,947,1,1
535262,0.7,5.8,8.0,6,4,947,1,1
535282,0.6,5.7,7.9,-2,6,945,1,1
535302,0.6,5.3,7.3,-7,3,947,1,1
535322,0.7,5.7,8.0,-12,2,946,1,1
535342,0.7,5.6,7.8,-12,0,948,1,1
535362,0.7,5.5,7.6,-11,0,947,1,1
535382,0.8,6.3,8.2,-9,-1,946,1,1
535402,0.6,5.8,8.0,-6,-2,946,1,1
535422,0.7,5.7,7.7,-4,-3,946,1,1
535442,1.1,4.8,8.5,-2,-3,944,1,1
535462,0.7,5.7,7.7,0,0,943,1,1
535482,0.7,5.8,7.7,0,0,945,1,1
535502,0.7,5.9,7.8,0,0,946,1,1
535522,0.7,5.9,7.9,0,0,949,1,1
535542,0.7,5.9,7.9,0,0,944,1,1
535562,0.7,5.9,7.9,0,0,947,1,1
535582,0.7,5.9,7.9,0,0,946,1,1
535602,0.7,5.9,7.9,0,0,947,1,1
535622,0.7,5.9,7.9,0,0,946,1,1
535642,0.7,5.9,7.9,0,0,944,1,1
535662,0.7,5.9,7.9,0,0,946,1,1
535682,0.7,5.9,7.9,0,0,944,1,1
535702,0.7,5.9,7.9,0,0,945,1,1
535722,0.7,5.9,7.9,0,0,944,1,1
535742,0.7,5.9,7.9,0,0,944,1,1
535762,0.7,5.9,7.9,0,0,946,1,1
535782,0.7,5.9,7.9,0,0,945,1,1
535802,0.7,5.9,7.9,0,0,948,1,1
535822,0.7,5.9,7.9,0,0,946,1,1
535842,0.7,5.8,7.9,0,0,945,1,1
535862,0.7,5.9,7.9,0,0,944,1,1
535882,0.7,5.9,7.9,0,0,944,1,1
535902,0.7,5.9,7.9,0,0,943,1,1
535922,0.7,5.9,7.9,0,0,945,1,1
535942,0.7,5.9,7.9,0,0,947,1,1
535962,0.7,5.9,7.9,0,0,948,1,1
535982,0.7,5.8,7.9,0,0,943,1,1
536002,0.7,5.9,7.9,0,0,944,1,1
536022,0.7,5.9,7.9,0,0,945,1,1
536042,0.7,5.9,7.9,0,0,945,1,1
536062,0.7,5.9,7.9,0,0,945,1,1
536082,0.7,5.9,7.9,0,0,946,1,1
536102,0.7,5.9,7.9,0,0,945,1,1
536122,0.7,5.9,7.9,0,0,947,1,1
536142,0.7,5.9,7.9,0,0,946,1,1
536162,0.7,5.9,7.9,0,0,946,1,1
536182,0.7,5.9,7.9,0,0,944,1,1
536202,0.7,5.9,7.9,0,0,947,1,1
536222,0.7,5.9,7.9,0,0,946,1,1
536242,0.7,5.9,7.9,0,0,945,1,1
536262,0.7,5.9,7.9,0,0,944,1,1
536282,0.7,5.9,7.9,0,0,945,1,1
536302,0.7,5.9,7.9,0,0,945,1,1
536322,0.7,5.9,7.9,0,0,946,1,1
536342,0.7,5.9,7.9,0,0,947,1,1
536362,0.7,5.9,7.9,0,0,947,1,1
536382,0.7,5.9,7.9,0,0,946,1,1
536402,0.7,5.9,7.9,0,0,945,1,1
536422,0.7,5.9,7.9,0,0,946,1,1
536442,0.7,5.9,7.9,0,0,945,1,1
536462,0.7,5.9,7.9,0,0,946,1,1
536482,0.6,5.7,8.5,0,0,946,1,1
536502,0.8,6.1,7.9,0,0,946,1,1
536522,0.7,5.9,7.9,0,0,946,1,1
536542,0.7,5.8,8.0,0,0,943,1,1
536562,0.7,5.8,8.0,0,0,944,1,1
536582,0.9,6.2,8.1,4,0,944,1,1
536602,0.7,5.6,8.6,-2,0,946,1,1
536622,0.6,5.5,7.5,-7,0,947,1,1
536642,0.6,5.2,7.3,-12,-1,943,1,1
536662,0.8,5.9,8.5,-12,0,945,1,1
536682,0.8,6.1,7.8,-10,-3,945,1,1
536702,0.7,5.9,7.8,-8,-3,944,1,1
536722,0.7,5.8,8.0,-6,-3,946,1,1
536742,0.7,5.8,8.0,-5,-2,944,1,1
536762,0.7,5.7,7.9,-3,-2,947,1,1
536782,0.9,5.7,8.5,0,0,943,1,1
536802,0.7,5.8,8.0,0,0,945,1,1
536822,0.7,6.1,8.1,0,0,945,1,1
536842,0.7,5.9,7.8,0,0,945,1,1
536862,0.7,5.9,7.9,0,0,946,1,1
536882,0.7,5.9,7.9,0,0,945,1,1
536902,0.7,5.9,7.9,0,0,947,1,1
536922,0.7,5.9,7.9,0,0,945,1,1
536942,0.7,5.9,7.9,0,0,945,1,1
536962,0.7,5.9,7.9,0,0,927,1,1
536982,0.7,5.9,7.9,0,0,945,1,1
537002,0.7,5.9,7.9,0,0,944,1,1
537022,0.7,5.9,7.9,0,0,943,1,1
537042,0.7,5.9,7.9,0,0,946,1,1
537062,0.7,5.9,7.9,0,0,945,1,1
537082,0.7,5.9,7.9,0,0,946,1,1
537102,0.7,5.8,7.9,0,0,944,1,1
537122,0.7,5.9,7.9,0,0,948,1,1
537142,0.7,5.9,7.9,0,0,945,1,1
537162,0.7,5.9,7.9,0,0,947,1,1
537182,0.7,5.9,7.9,0,0,945,1,1
537202,0.7,5.9,7.9,0,0,946,1,1
537222,0.7,5.9,7.9,0,0,945,1,1
537242,0.7,5.9,7.9,0,0,945,1,1
537262,0.7,5.9,7.9,0,0,945,1,1
537282,0.7,5.9,7.9,0,0,945,1,1
537302,0.7,5.9,7.9,0,0,945,1,1
537322,0.7,5.9,7.9,0,0,946,1,1
537342,0.7,5.9,7.9,0,0,946,1,1
537362,0.7,5.9,7.9,0,0,943,1,1
537382,0.7,5.9,7.9,0,0,946,1,1
537402,0.7,5.9,7.9,0,0,943,1,1
537422,0.7,5.9,7.9,0,0,946,1,1
537442,0.7,5.9,7.9,0,0,948,1,1
537462,0.7,5.9,7.9,0,0,948,1,1
537482,0.7,5.9,7.9,0,0,946,1,1
537502,0.7,5.9,7.9,0,0,945,1,1
537522,0.7,5.9,7.9,0,0,946,1,1
537542,0.7,5.9,7.9,0,0,947,1,1
537562,0.7,5.9,7.9,0,0,946,1,1
537582,0.7,5.9,7.9,0,0,943,1,1
537602,0.7,5.9,7.9,0,0,945,1,1
537622,0.7,5.9,7.9,0,0,942,1,1
537642,0.7,5.9,7.9,0,0,944,1,1
537662,0.7,5.9,7.9,0,0,942,1,1
537682,0.7,5.9,7.9,0,0,944,1,1
537702,0.7,5.9,7.9,0,0,947,1,1
537722,0.7,5.9,7.9,0,0,944,1,1
537742,0.7,5.7,7.7,0,0,945,1,1
537762,0.7,5.8,7.8,0,0,946,1,1
537782,0.7,5.9,7.9,0,0,946,1,1
537802,0.8,5.8,7.9,0,0,946,1,1
537822,0.9,5.1,7.0,0,0,948,1,1
537842,0.8,5.9,8.2,0,0,945,1,1
537862,0.7,6.0,8.1,0,0,944,1,1
537882,0.7,5.9,8.2,10,11,944,1,1
537902,0.5,5.4,7.5,2,11,944,1,1
537922,0.5,5.6,7.8,-2,6,945,1,1
537942,0.7,5.6,7.8,-8,4,945,1,1
537962,0.6,5.6,7.2,-10,0,948,1,1
537982,0.8,5.8,7.7,-9,0,946,1,1
538002,0.7,5.9,7.9,-7,0,946,1,1
538022,0.7,5.9,8.0,0,0,945,1,1
538042,0.7,5.9,7.9,0,0,944,1,1
538062,0.7,5.9,7.9,0,0,946,1,1
538082,0.7,5.9,7.9,0,0,948,1,1
538102,0.7,5.9,7.9,0,0,946,1,1
538122,0.7,5.9,7.9,0,0,945,1,1
538142,0.7,5.9,7.9,0,0,944,1,1
538162,0.7,5.9,7.9,0,0,944,1,1
538182,0.7,5.9,7.9,0,0,944,1,1
538202,0.7,5.9,7.9,0,0,945,1,1
538222,0.7,5.9,7.9,0,0,945,1,1
538242,0.7,5.9,7.9,0,0,945,1,1
538262,0.7,5.9,7.9,0,0,946,1,1
538282,0.7,5.9,7.9,0,0,946,1,1
538302,0.7,5.9,7.9,0,0,945,1,1
538322,0.7,5.9,7.9,0,0,949,1,1
538342,0.7,5.9,7.9,0,0,946,1,1
538362,0.7,5.9,7.9,0,0,945,1,1
538382,0.7,5.9,7.9,0,0,948,1,1
538402,0.7,5.9,7.9,0,0,943,1,1
538422,0.7,5.9,7.8,0,0,944,1,1
538442,0.7,5.9,7.9,0,0,944,1,1
538462,0.7,5.9,7.9,0,0,946,1,1
538482,0.7,5.9,7.9,0,0,946,1,1
538502,0.7,5.8,7.9,0,0,944,1,1
538522,0.7,5.9,7.9,0,0,946,1,1
538542,0.7,5.9,7.9,0,0,946,1,1
538562,0.7,5.9,7.9,0,0,945,1,1
538582,0.7,5.9,7.9,0,0,945,1,1
538602,0.7,5.9,7.9,0,0,946,1,1
538622,0.7,5.9,7.9,0,0,945,1,1
538642,0.7,5.9,7.9,0,0,946,1,1
538662,0.7,5.9,7.9,0,0,945,1,1
538682,0.7,5.9,7.9,0,0,945,1,1
538702,0.7,5.9,7.9,0,0,944,1,1
538722,0.7,5.9,7.9,0,0,947,1,1
538742,0.7,5.9,7.9,0,0,945,1,1
538762,0.7,5.9,7.9,0,0,947,1,1
538782,0.7,5.9,7.9,0,0,945,1,1
538802,0.7,5.9,7.9,0,0,945,1,1
538822,0.7,5.9,7.9,0,0,944,1,1
538842,0.7,5.9,7.9,0,0,946,1,1
538862,0.7,5.9,7.9,0,0,944,1,1
538882,0.7,5.9,7.9,0,0,944,1,1
538902,0.7,5.9,7.9,0,0,944,1,1
538922,0.7,5.9,7.9,0,0,945,1,1
538942,0.7,5.9,7.9,0,0,944,1,1
538962,0.7,5.9,7.9,0,0,945,1,1
538982,0.7,5.9,7.9,0,0,947,1,1
539002,0.7,5.9,7.9,0,0,946,1,1
539022,0.7,5.9,7.9,0,0,946,1,1
539042,0.7,5.9,7.9,0,0,945,1,1
539062,0.7,5.9,7.9,0,0,946,1,1
539082,0.7,5.9,7.9,0,0,945,1,1
539102,0.7,5.9,7.9,0,0,946,1,1
539122,0.8,5.8,7.9,0,0,946,1,1
539142,0.8,5.8,7.8,0,0,944,1,1
539162,0.7,5.9,7.9,0,0,942,1,1
539182,0.7,5.8,8.0,0,0,946,1,1
539202,0.7,5.8,8.0,10,-7,944,1,1
539222,0.7,5.8,8.1,5,-6,946,1,1
539242,0.5,5.1,5.3,0,-7,946,1,1
539262,1.1,4.1,6.8,-8,-8,945,1,1
539282,0.6,5.7,7.3,-11,-7,945,1,1
539302,0.7,6.1,8.1,-16,-5,949,1,1
539322,0.8,6.0,7.9,-15,-5,945,1,1
539342,1.0,5.1,7.6,-15,-4,946,1,1
539362,0.7,5.9,8.3,-13,-3,946,1,1
539382,0.7,5.3,7.3,-10,-2,945,1,1
539402,0.2,7.2,7.6,-5,0,946,1,1
539422,0.7,6.1,8.1,0,0,944,1,1
539442,0.7,5.9,8.1,0,0,946,1,1
539462,0.7,6.0,7.9,0,0,945,1,1
539482,0.7,5.9,7.9,0,0,945,1,1
539502,0.7,5.9,7.9,0,0,947,1,1
539522,0.7,5.9,7.9,0,0,945,1,1
539542,0.7,5.9,7.9,0,0,946,1,1
539562,0.7,5.9,7.9,0,0,945,1,1
539582,0.7,5.9,7.9,0,0,946,1,1
539602,0.7,5.9,7.9,0,0,946,1,1
539622,0.7,5.9,7.9,0,0,945,1,1
539642,0.7,5.9,7.9,0,0,944,1,1
539662,0.7,5.9,7.9,0,0,943,1,1
539682,0.7,5.9,7.9,0,0,944,1,1
539702,0.7,5.9,7.9,0,0,944,1,1
539722,0.7,5.9,7.9,0,0,944,1,1
539742,0.7,5.9,7.9,0,0,945,1,1
539762,0.7,5.9,7.9,0,0,943,1,1
539782,0.7,5.9,7.9,0,0,945,1,1
539802,0.7,5.9,7.9,0,0,946,1,1
539822,0.7,5.9,7.9,0,0,945,1,1
539842,0.7,5.9,7.9,0,0,948,1,1
539862,0.7,5.9,7.9,0,0,947,1,1
539882,0.7,5.9,7.9,0,0,944,1,1
539902,0.7,5.9,7.9,0,0,944,1,1
539922,0.7,5.9,7.9,0,0,944,1,1
539942,0.7,5.9,7.9,0,0,947,1,1
539962,0.7,5.9,7.9,0,0,943,1,1
539982,0.7,5.9,7.9,0,0,945,1,1
540002,0.7,5.9,7.9,0,0,945,1,1
540022,0.7,5.9,7.9,0,0,943,1,1
540042,0.7,5.9,7.9,0,0,947,1,1
540062,0.7,5.9,7.9,0,0,946,1,1
540082,0.7,5.9,7.9,0,0,947,1,1
540102,0.7,5.9,7.9,0,0,946,1,1
540122,0.7,5.9,7.9,0,0,946,1,1
540142,0.7,5.9,7.9,0,0,947,1,1
540162,0.7,5.9,7.9,0,0,945,1,1
540182,0.7,5.9,7.9,0,0,946,1,1
540202,0.7,5.9,7.9,0,0,944,1,1
540222,0.7,5.9,7.9,0,0,944,1,1
540242,0.7,5.9,7.9,0,0,943,1,1
540262,0.7,5.9,7.9,0,0,944,1,1
540282,0.7,5.9,7.9,0,0,946,1,1
540302,0.7,5.9,7.9,0,0,948,1,1
540322,0.7,5.9,7.9,0,0,947,1,1
540342,0.7,5.9,7.9,0,0,945,1,1
540362,0.7,5.9,7.9,0,0,944,1,1
540382,0.7,5.9,7.9,0,0,944,1,1
540402,0.7,5.9,7.9,0,0,952,1,1
540422,0.7,5.9,7.9,0,0,946,1,1
540442,0.7,6.0,8.6,0,0,946,1,1
540462,0.7,5.9,7.9,0,0,945,1,1
540482,0.7,5.8,8.0,0,0,945,1,1
540502,0.7,6.2,8.7,0,0,944,1,1
540522,0.7,6.0,7.9,0,0,945,1,1
540542,1.5,6.6,9.7,32,13,943,1,1
540562,0.2,3.8,8.4,21,30,946,1,1
540582,0.4,5.2,7.5,10,32,949,1,1
540602,0.8,5.7,8.0,0,26,945,1,1
540622,0.6,5.5,7.7,-5,20,945,1,1
540642,0.8,5.8,8.1,-5,14,945,1,1
540662,0.6,5.5,7.6,-10,9,945,1,1
540682,0.8,6.4,8.5,-12,6,946,1,1
540702,0.8,5.9,8.0,-15,2,945,1,1
540722,0.7,5.8,7.9,-14,1,945,1,1
540742,0.7,5.9,7.9,-12,-4,944,1,1
540762,0.7,5.9,7.9,-6,-4,944,1,1
540782,0.7,5.9,7.9,0,0,944,1,1
540802,0.8,5.8,7.9,0,0,947,1,1
540822,0.8,5.9,7.9,0,0,945,1,1
540842,0.8,5.9,7.9,0,0,948,1,1
540862,0.7,5.8,7.9,0,0,948,1,1
540882,0.7,5.9,7.9,0,0,945,1,1
540902,0.7,5.8,7.9,0,0,947,1,1
540922,0.7,5.8,7.9,0,0,946,1,1
540942,0.7,5.8,7.9,0,0,946,1,1
540962,0.7,5.9,7.9,0,0,943,1,1
540982,0.7,5.9,7.9,0,0,944,1,1
541002,0.7,5.8,7.9,0,0,945,1,1
541022,0.7,5.8,7.9,0,0,943,1,1
541042,0.7,5.9,7.9,0,0,944,1,1
541062,0.7,5.8,7.9,0,0,944,1,1
541082,0.7,5.9,7.9,0,0,945,1,1
541102,0.7,5.8,7.9,0,0,948,1,1
541122,0.7,5.9,7.9,0,0,946,1,1
541142,0.7,5.9,7.9,0,0,945,1,1
541162,0.7,5.8,7.9,0,0,946,1,1
541182,0.7,5.8,7.9,0,0,946,1,1
541202,0.7,5.9,7.9,0,0,947,1,1
541222,0.7,5.8,7.9,0,0,947,1,1
541242,0.7,5.8,7.9,0,0,946,1,1
541262,0.7,5.8,7.9,0,0,944,1,1
541282,0.7,5.9,7.9,0,0,945,1,1
541302,0.7,5.8,7.9,0,0,944,1,1
541322,0.7,5.9,7.9,0,0,947,1,1
541342,0.7,5.9,7.9,0,0,946,1,1
541362,0.7,5.8,7.9,0,0,945,1,1
541382,0.7,5.8,7.9,0,0,946,1,1
541402,0.7,5.8,7.9,0,0,946,1,1
541422,0.7,5.8,7.9,0,0,945,1,1
541442,0.7,5.8,7.9,0,0,946,1,1
541462,0.7,5.9,7.9,0,0,945,1,1
541482,0.7,5.8,7.9,0,0,945,1,1
541502,0.7,5.8,7.9,0,0,947,1,1
541522,0.7,5.8,7.9,0,0,944,1,1
541542,0.7,5.9,7.9,0,0,943,1,1
541562,0.7,5.9,7.9,0,0,944,1,1
541582,0.7,5.9,7.9,0,0,944,1,1
541602,0.7,5.9,7.9,0,0,946,1,1
541622,0.7,5.8,7.9,0,0,948,1,1
541642,0.7,5.9,7.9,0,0,947,1,1
541662,0.7,5.8,7.9,0,0,947,1,1
541682,0.7,5.9,7.9,0,0,945,1,1
541702,0.7,5.9,7.9,0,0,944,1,1
541722,0.7,5.9,7.9,0,0,945,1,1
541742,0.7,5.9,7.9,0,0,946,1,1
541762,0.7,5.8,7.9,0,0,946,1,1
541782,0.7,5.8,7.9,0,0,945,1,1
541802,0.8,5.9,8.1,0,0,943,1,1
541822,0.8,5.8,7.8,0,0,943,1,1
541842,0.6,4.9,8.4,0,0,944,1,1
541862,1.5,5.1,7.3,0,0,945,1,1
541882,0.6,6.0,8.3,0,0,944,1,1
541902,0.7,6.1,7.8,0,0,948,1,1
541922,0.7,5.8,8.0,6,-9,945,1,1
541942,0.7,5.9,8.1,1,-10,945,1,1
541962,0.7,5.6,7.4,-3,-4,946,1,1
541982,0.8,5.9,8.1,-9,0,943,1,1
542002,0.8,5.6,8.3,-10,0,946,1,1
542022,0.7,5.8,8.1,-13,0,944,1,1
542042,0.7,5.9,8.0,-13,0,945,1,1
542062,0.3,4.0,7.9,-10,-2,946,1,1
542082,0.5,5.4,7.9,0,0,942,1,1
542102,0.7,5.6,7.8,0,0,944,1,1
542122,0.7,5.7,7.8,0,0,945,1,1
542142,-0.0,7.2,9.4,0,0,944,1,1
542162,0.6,5.0,7.0,0,0,948,1,1
542182,0.7,5.8,7.7,0,0,945,1,1
542202,0.7,5.9,7.9,0,0,947,1,1
542222,0.7,5.9,7.9,0,0,947,1,1
542242,0.7,5.9,7.9,0,0,945,1,1
542262,0.7,5.9,7.9,0,0,947,1,1
542282,0.7,5.9,7.9,0,0,947,1,1
542302,0.7,5.9,7.9,0,0,947,1,1
542322,0.7,5.9,7.9,0,0,946,1,1
542342,0.7,5.9,7.9,0,0,945,1,1
542362,0.7,5.9,7.9,0,0,942,1,1
542382,0.7,5.9,7.9,0,0,946,1,1
542402,0.7,5.9,7.9,0,0,946,1,1
542422,0.7,5.8,7.9,0,0,946,1,1
542442,0.7,5.8,7.9,0,0,947,1,1
542462,0.7,5.9,7.9,0,0,944,1,1
542482,0.7,5.9,7.8,0,0,947,1,1
542502,0.7,6.0,7.9,0,0,945,1,1
542522,0.7,5.9,7.8,0,0,946,1,1
542542,0.7,5.8,8.0,0,0,947,1,1
542562,0.7,5.8,7.9,0,0,945,1,1
542582,0.7,5.9,7.9,0,0,945,1,1
542602,0.7,5.9,7.8,0,0,944,1,1
542622,0.8,6.0,7.9,0,0,916,1,1
542642,0.7,5.9,7.9,0,0,943,1,1
542662,0.7,5.9,7.9,0,0,944,1,1
542682,0.7,5.8,7.9,0,0,944,1,1
542702,0.7,5.9,7.9,0,0,947,1,1
542722,0.7,5.9,7.9,0,0,945,1,1
542742,0.7,5.9,7.9,0,0,946,1,1
542762,0.7,5.9,7.9,0,0,944,1,1
542782,0.7,5.9,7.9,0,0,946,1,1
542802,0.7,5.9,7.9,0,0,946,1,1
542822,0.8,5.8,7.9,0,0,946,1,1
542842,0.8,5.9,7.9,0,0,947,1,1
542862,0.7,5.9,7.9,0,0,945,1,1
542882,0.7,5.9,7.9,0,0,946,1,1
542902,0.7,5.9,7.9,0,0,945,1,1
542922,0.7,5.8,7.9,0,0,944,1,1
542942,0.7,5.9,7.9,0,0,944,1,1
542962,0.7,5.9,7.9,0,0,946,1,1
542982,0.7,5.9,7.9,0,0,948,1,1
543002,0.7,5.9,7.9,0,0,945,1,1
543022,0.7,5.9,7.9,0,0,947,1,1
543042,0.7,5.9,7.9,0,0,947,1,1
543062,0.7,5.9,7.9,0,0,945,1,1
543082,0.7,5.9,7.9,0,0,946,1,1
543102,0.7,5.9,7.9,0,0,947,1,1
543122,0.7,5.9,7.9,0,0,946,1,1
543142,0.7,5.9,7.9,0,0,945,1,1
543162,0.7,5.9,7.9,0,0,942,1,1
543182,0.7,5.9,7.9,0,0,943,1,1
543202,0.7,5.9,7.9,0,0,946,1,1
543222,0.7,5.9,7.9,0,0,945,1,1
543242,0.7,5.9,7.9,0,0,947,1,1
543262,0.7,5.9,7.9,0,0,945,1,1
543282,0.6,5.2,7.1,0,0,947,1,1
543302,0.8,5.9,8.2,0,0,945,1,1
543322,0.8,5.6,7.8,0,0,946,1,1
543342,0.6,5.7,7.9,0,0,946,1,1
543362,0.7,5.6,7.8,0,0,945,1,1
543382,0.7,6.2,8.1,0,0,946,1,1
543402,0.4,6.1,8.2,0,0,956,1,1
543422,0.5,5.3,7.2,0,0,943,1,1
543442,0.5,5.5,7.8,-6,5,943,1,1
543462,0.9,5.5,6.6,-8,3,946,1,1
543482,0.3,5.2,7.8,-7,-1,945,1,1
543502,0.8,5.8,8.0,-5,-3,949,1,1
543522,0.6,5.6,7.7,-4,-4,947,1,1
543542,0.6,5.7,7.9,-4,-4,947,1,1
543562,0.9,6.0,7.8,-3,-3,941,1,1
543582,0.4,7.9,10.0,0,0,945,1,1
543602,0.6,6.0,7.9,0,0,946,1,1
543622,0.7,5.8,8.0,0,0,946,1,1
543642,0.7,5.9,7.9,0,0,945,1,1
543662,0.7,5.9,7.9,0,0,946,1,1
543682,0.7,5.8,7.9,0,0,945,1,1
543702,0.7,5.8,7.9,0,0,944,1,1
543722,0.7,5.9,7.9,0,0,946,1,1
543742,0.7,5.9,7.9,0,0,945,1,1
543762,0.7,5.9,7.9,0,0,945,1,1
543782,0.7,5.9,7.9,0,0,946,1,1
543802,0.7,5.9,7.9,0,0,946,1,1
543822,0.7,5.8,7.9,0,0,946,1,1
543842,0.7,5.8,7.9,0,0,945,1,1
543862,0.7,5.9,7.9,0,0,947,1,1
543882,0.7,5.9,7.9,0,0,946,1,1
543902,0.7,5.9,7.9,0,0,945,1,1
543922,0.7,5.9,7.9,0,0,944,1,1
543942,0.7,5.9,7.9,0,0,945,1,1
543962,0.7,5.9,7.9,0,0,945,1,1
543982,0.7,5.9,7.9,0,0,945,1,1
544002,0.7,5.9,7.9,0,0,944,1,1
544022,0.7,5.8,7.9,0,0,944,1,1
544042,0.7,5.9,7.9,0,0,944,1,1
544062,0.7,5.9,7.9,0,0,947,1,1
544082,0.7,5.9,7.9,0,0,946,1,1
544102,0.7,5.9,7.9,0,0,946,1,1
544122,0.8,5.9,7.9,0,0,945,1,1
544142,0.7,5.9,7.9,0,0,945,1,1
544162,0.7,5.9,7.9,0,0,947,1,1
544182,0.7,5.9,7.9,0,0,947,1,1
544202,0.7,5.9,7.8,0,0,944,1,1
544222,0.7,5.9,7.8,0,0,943,1,1
544242,0.7,5.9,7.9,0,0,947,1,1
544262,0.7,5.9,7.9,0,0,941,1,1
544282,0.7,5.9,7.9,0,0,943,1,1
544302,0.7,5.9,7.9,0,0,946,1,1
544322,0.7,5.9,7.9,0,0,945,1,1
544342,0.7,5.9,7.9,0,0,947,1,1
544362,0.7,5.9,7.9,0,0,947,1,1
544382,0.7,5.9,7.9,0,0,946,1,1
544402,0.7,5.9,7.9,0,0,945,1,1
544422,0.7,5.9,7.9,0,0,946,1,1
544442,0.7,5.9,7.9,0,0,946,1,1
544462,0.8,5.9,7.9,0,0,946,1,1
544482,0.7,5.9,7.9,0,0,946,1,1
544502,0.7,5.9,7.9,0,0,945,1,1
544522,0.7,5.9,7.9,0,0,943,1,1
544542,0.7,5.9,7.9,0,0,945,1,1
544562,0.7,5.9,7.9,0,0,946,1,1
544582,0.7,5.9,7.9,0,0,944,1,1
544602,0.7,5.9,7.9,0,0,946,1,1
544622,0.7,5.9,7.9,0,0,945,1,1
544642,0.7,5.9,7.9,0,0,947,1,1
544662,0.7,5.8,8.0,0,0,945,1,1
544682,0.7,5.9,8.0,0,0,945,1,1
544702,0.7,5.9,8.0,0,0,945,1,1
544722,0.6,5.8,7.6,0,0,946,1,1
544742,0.6,5.4,7.5,16,-4,944,1,1
544762,0.8,5.6,8.0,8,-3,945,1,1
544782,0.7,5.7,7.7,0,-2,944,1,1
544802,0.7,5.9,8.2,-7,-2,944,1,1
544822,0.7,5.7,7.6,-9,-2,944,1,1
544842,0.6,5.8,7.7,-13,-5,947,1,1
544862,0.7,5.8,8.0,-13,-6,945,1,1
544882,0.8,5.9,7.9,-12,-6,948,1,1
544902,0.8,5.7,7.8,-11,-6,945,1,1
544922,0.7,5.9,7.9,-8,-5,945,1,1
544942,0.7,5.8,7.9,-5,-4,948,1,1
544962,0.7,5.9,7.9,-2,-3,946,1,1
544982,0.7,6.0,8.0,-1,-2,947,1,1
545002,0.7,5.9,7.8,0,0,946,1,1
545022,0.7,5.9,7.9,0,0,946,1,1
545042,0.7,5.9,7.9,0,0,944,1,1
545062,0.7,5.9,7.9,0,0,945,1,1
545082,0.7,5.9,7.9,0,0,943,1,1
545102,0.7,5.9,7.9,0,0,946,1,1
545122,0.8,5.9,7.9,0,0,945,1,1
545142,0.7,5.9,7.9,0,0,947,1,1
545162,0.7,5.9,7.9,0,0,946,1,1
545182,0.7,5.9,7.9,0,0,948,1,1
545202,0.7,5.9,7.9,0,0,947,1,1
545222,0.7,5.9,7.9,0,0,945,1,1
545242,0.7,5.9,7.9,0,0,946,1,1
545262,0.7,5.9,7.9,0,0,946,1,1
545282,0.7,5.8,7.9,0,0,945,1,1
545302,0.7,5.8,7.9,0,0,947,1,1
545322,0.7,5.9,7.9,0,0,945,1,1
545342,0.7,5.9,7.8,0,0,943,1,1
545362,0.7,5.9,7.9,0,0,945,1,1
545382,0.7,5.9,7.9,0,0,945,1,1
545402,0.7,5.9,7.9,0,0,946,1,1
545422,0.7,5.9,7.9,0,0,947,1,1
545442,0.7,5.9,7.9,0,0,948,1,1
545462,0.7,5.9,7.9,0,0,945,1,1
545482,0.7,5.9,7.9,0,0,946,1,1
545502,0.7,5.9,7.9,0,0,945,1,1
545522,0.7,5.9,7.9,0,0,945,1,1
545542,0.7,5.9,7.9,0,0,945,1,1
545562,0.7,5.9,7.9,0,0,947,1,1
545582,0.7,5.9,7.9,0,0,945,1,1
545602,0.7,5.9,7.9,0,0,947,1,1
545622,0.7,5.9,7.9,0,0,944,1,1
545642,0.7,5.9,7.9,0,0,945,1,1
545662,0.7,5.9,7.9,0,0,945,1,1
545682,0.7,5.9,7.9,0,0,946,1,1
545702,0.7,5.9,7.9,0,0,948,1,1
545722,0.7,5.9,7.9,0,0,945,1,1
545742,0.7,5.9,7.9,0,0,946,1,1
545762,0.8,5.9,7.9,0,0,946,1,1
545782,0.7,5.9,7.9,0,0,945,1,1
545802,0.7,5.9,7.9,0,0,946,1,1
545822,0.7,5.9,7.9,0,0,946,1,1
545842,0.7,5.9,7.9,0,0,948,1,1
545862,0.7,5.9,7.9,0,0,947,1,1
545882,0.7,5.9,7.9,0,0,943,1,1
545902,0.7,5.9,7.9,0,0,943,1,1
545922,0.7,5.9,7.9,0,0,945,1,1
545942,0.7,5.9,7.9,0,0,946,1,1
545962,0.7,5.9,7.9,0,0,945,1,1
545982,0.7,5.9,7.9,0,0,947,1,1
546002,0.7,5.9,7.9,0,0,946,1,1
546022,0.7,5.9,7.9,0,0,944,1,1
546042,0.7,5.9,7.9,0,0,944,1,1
546062,0.7,5.9,7.9,0,0,945,1,1
546082,0.7,5.9,7.9,0,0,945,1,1
546102,0.7,5.7,6.9,0,0,946,1,1
546122,0.7,5.7,8.0,0,0,948,1,1
546142,0.7,5.8,7.9,0,0,946,1,1
546162,0.7,5.8,7.9,0,0,945,1,1
546182,0.7,5.8,7.9,0,0,946,1,1
546202,0.7,5.9,8.1,3,-1,943,1,1
546222,0.9,5.2,7.1,-5,-1,945,1,1
546242,0.7,6.1,7.8,-9,-2,945,1,1
546262,0.6,5.9,7.7,-15,-2,946,1,1
546282,0.6,5.5,7.6,-15,-3,946,1,1
546302,2.3,6.1,11.5,-13,-3,945,1,1
546322,0.6,5.6,7.5,-11,-3,947,1,1
546342,1.0,6.8,8.4,-8,-1,944,1,1
546362,0.6,5.9,7.9,0,0,946,1,1
546382,0.7,6.0,7.9,0,0,946,1,1
546402,0.7,5.9,7.9,0,0,946,1,1
546422,0.7,5.9,7.9,0,0,944,1,1
546442,0.7,5.9,7.9,0,0,946,1,1
546462,0.7,5.9,7.9,0,0,946,1,1
546482,0.7,5.9,7.9,0,0,944,1,1
546502,0.7,5.9,7.9,0,0,945,1,1
546522,0.7,5.9,7.9,0,0,943,1,1
546542,0.7,5.9,7.9,0,0,944,1,1
546562,0.7,5.9,7.9,0,0,946,1,1
546582,0.7,5.8,7.9,0,0,944,1,1
546602,0.7,5.9,7.9,0,0,944,1,1
546622,0.7,5.9,7.9,0,0,946,1,1
546642,0.7,5.9,7.9,0,0,945,1,1
546662,0.7,5.9,7.9,0,0,946,1,1
546682,0.7,5.9,7.9,0,0,946,1,1
546702,0.7,5.9,7.9,0,0,947,1,1
546722,0.7,5.9,7.9,0,0,945,1,1
546742,0.7,5.9,7.9,0,0,945,1,1
546762,0.7,5.9,7.9,0,0,944,1,1
546782,0.7,5.9,7.9,0,0,946,1,1
546802,0.7,5.9,7.9,0,0,946,1,1
546822,0.7,5.9,7.9,0,0,948,1,1
546842,0.7,5.9,7.9,0,0,948,1,1
546862,0.7,5.9,7.9,0,0,944,1,1
546882,0.7,5.9,7.9,0,0,946,1,1
546902,0.7,5.9,7.9,0,0,946,1,1
546922,0.7,5.9,7.9,0,0,947,1,1
546942,0.7,5.9,7.9,0,0,945,1,1
546962,0.7,5.9,7.9,0,0,946,1,1
546982,0.7,5.9,7.9,0,0,946,1,1
547002,0.7,5.9,7.9,0,0,944,1,1
547022,0.7,5.9,7.9,0,0,945,1,1
547042,0.7,5.9,7.9,0,0,944,1,1
547062,0.7,5.9,7.9,0,0,945,1,1
547082,0.7,5.9,7.9,0,0,945,1,1
547102,0.7,5.9,7.9,0,0,949,1,1
547122,0.7,5.9,7.9,0,0,947,1,1
547142,0.7,5.9,7.9,0,0,945,1,1
547162,0.7,5.9,7.9,0,0,946,1,1
547182,0.7,5.9,7.9,0,0,946,1,1
547202,0.7,5.9,7.9,0,0,947,1,1
547222,0.7,5.9,7.9,0,0,943,1,1
547242,0.7,5.9,7.9,0,0,946,1,1
547262,0.7,5.9,7.9,0,0,944,1,1
547282,0.7,5.9,7.9,0,0,945,1,1
547302,0.7,5.9,7.9,0,0,945,1,1
547322,0.7,5.9,7.9,0,0,945,1,1
547342,0.7,5.9,7.9,0,0,955,1,1
547362,0.7,5.9,7.9,0,0,945,1,1
547382,0.7,5.9,7.9,0,0,946,1,1
547402,0.7,5.9,7.9,0,0,948,1,1
547422,0.7,5.9,7.9,0,0,947,1,1
547442,0.7,5.9,8.0,0,0,945,1,1
547462,0.7,5.8,7.6,0,0,945,1,1
547482,0.8,5.8,7.9,0,0,945,1,1
547502,0.7,5.9,7.9,0,0,947,1,1
547522,0.7,5.9,8.0,0,0,944,1,1
547542,0.7,6.1,8.2,0,0,945,1,1
547562,0.7,5.9,8.0,0,0,945,1,1
547582,0.8,5.7,8.2,0,0,943,1,1
547602,0.8,5.7,7.5,0,0,944,1,1
547622,0.9,5.9,8.2,0,0,947,1,1
547642,0.5,5.5,7.7,0,0,945,1,1
547662,0.7,5.7,7.9,8,16,946,1,1
547682,0.6,5.7,7.5,-1,11,945,1,1
547702,0.7,5.9,7.9,-10,8,944,1,1
547722,0.7,5.9,7.9,-9,2,946,1,1
547742,0.7,5.8,7.9,0,0,946,1,1
547762,0.7,5.9,7.9,0,0,945,1,1
547782,0.7,5.9,7.9,0,0,943,1,1
547802,0.7,5.8,7.9,0,0,944,1,1
547822,0.7,5.9,7.9,0,0,944,1,1
547842,0.7,5.9,7.9,0,0,944,1,1
547862,0.7,5.9,7.9,0,0,945,1,1
547882,0.7,5.9,7.9,0,0,947,1,1
547902,0.7,5.9,7.9,0,0,947,1,1
547922,0.7,5.8,7.9,0,0,945,1,1
547942,0.7,5.8,7.9,0,0,945,1,1
547962,0.8,5.8,7.9,0,0,946,1,1
547982,0.7,5.8,7.9,0,0,944,1,1
548002,0.7,5.8,7.9,0,0,945,1,1
548022,0.7,5.8,7.9,0,0,943,1,1
548042,0.7,5.9,7.9,0,0,943,1,1
548062,0.7,5.9,7.9,0,0,943,1,1
548082,0.7,5.9,7.9,0,0,943,1,1
548102,0.7,5.9,7.9,0,0,945,1,1
548122,0.8,5.9,7.9,0,0,948,1,1
548142,0.7,5.9,7.9,0,0,946,1,1
548162,0.7,5.9,7.9,0,0,945,1,1
548182,0.7,5.8,7.9,0,0,944,1,1
548202,0.7,5.8,7.9,0,0,945,1,1
548222,0.7,5.9,7.9,0,0,945,1,1
548242,0.7,5.9,7.9,0,0,945,1,1
548262,0.8,5.9,7.9,0,0,946,1,1
548282,0.7,5.9,7.9,0,0,945,1,1
548302,0.7,5.9,7.9,0,0,946,1,1
548322,0.7,5.9,7.9,0,0,944,1,1
548342,0.7,5.9,7.9,0,0,946,1,1
548362,0.7,5.9,7.9,0,0,945,1,1
548382,0.7,5.9,7.9,0,0,946,1,1
548402,0.7,5.9,7.9,0,0,946,1,1
548422,0.7,5.9,7.9,0,0,948,1,1
548442,0.7,5.9,7.9,0,0,947,1,1
548462,0.7,5.9,7.9,0,0,944,1,1
548482,0.7,5.9,7.9,0,0,945,1,1
548502,0.7,5.9,7.9,0,0,945,1,1
548522,0.7,5.9,7.9,0,0,945,1,1
548542,0.7,5.9,7.9,0,0,944,1,1
548562,0.7,5.8,7.9,0,0,948,1,1
548582,0.7,5.9,7.9,0,0,943,1,1
548602,0.7,5.8,7.9,0,0,945,1,1
548622,0.7,5.9,7.9,0,0,943,1,1
548642,0.7,5.9,7.9,0,0,945,1,1
548662,0.7,5.8,7.9,0,0,945,1,1
548682,0.7,5.8,7.9,0,0,945,1,1
548702,0.7,5.9,7.9,0,0,945,1,1
548722,0.7,5.8,7.9,0,0,946,1,1
548742,0.7,5.8,7.9,0,0,945,1,1
548762,0.7,5.8,7.9,0,0,945,1,1
548782,0.7,5.8,7.9,0,0,946,1,1
548802,0.7,5.9,8.0,0,0,944,1,1
548822,0.7,5.7,7.5,0,0,945,1,1
548842,1.6,2.4,10.5,0,0,944,1,1
548862,0.4,6.4,7.5,15,-19,945,1,1
548882,0.8,6.0,8.3,6,-15,944,1,1
548902,0.7,5.6,7.6,0,-10,948,1,1
548922,0.1,7.1,9.4,-5,-6,944,1,1
548942,0.7,4.8,8.1,-9,-4,945,1,1
548962,0.7,5.7,8.4,-11,-1,944,1,1
548982,0.7,5.8,7.5,-17,0,945,1,1
549002,0.7,5.7,7.7,-16,0,943,1,1
549022,0.7,5.9,8.0,-15,0,946,1,1
549042,0.7,6.6,8.6,-12,1,946,1,1
549062,0.9,5.6,7.6,-9,2,945,1,1
549082,0.8,6.0,8.2,-5,1,941,1,1
549102,0.7,5.9,7.9,0,0,944,1,1
549122,0.7,5.9,7.9,0,0,945,1,1
549142,0.7,5.9,7.9,0,0,946,1,1
549162,0.7,5.9,7.9,0,0,947,1,1
549182,0.7,5.9,7.9,0,0,945,1,1
549202,0.7,5.9,7.9,0,0,947,1,1
549222,0.7,5.9,7.9,0,0,946,1,1
549242,0.7,5.9,7.9,0,0,945,1,1
549262,0.7,5.9,7.9,0,0,945,1,1
549282,0.7,5.9,7.9,0,0,943,1,1
549302,0.7,5.9,7.9,0,0,945,1,1
549322,0.7,5.9,7.9,0,0,946,1,1
549342,0.7,5.9,7.9,0,0,944,1,1
549362,0.7,5.9,7.9,0,0,944,1,1
549382,0.7,5.9,7.9,0,0,943,1,1
549402,0.7,5.9,7.9,0,0,948,1,1
549422,0.7,5.9,7.9,0,0,946,1,1
549442,0.7,5.9,7.9,0,0,947,1,1
549462,0.7,5.9,7.9,0,0,944,1,1
549482,0.7,5.9,7.9,0,0,947,1,1
549502,0.7,5.9,7.9,0,0,946,1,1
549522,0.7,5.9,7.9,0,0,946,1,1
549542,0.7,5.9,7.9,0,0,945,1,1
549562,0.7,5.9,7.9,0,0,945,1,1
549582,0.7,5.9,7.9,0,0,944,1,1
549602,0.7,5.9,7.9,0,0,944,1,1
549622,0.7,5.9,7.9,0,0,946,1,1
549642,0.7,5.9,7.9,0,0,945,1,1
549662,0.7,5.9,7.9,0,0,944,1,1
549682,0.7,5.9,7.9,0,0,948,1,1
549702,0.7,5.9,7.9,0,0,946,1,1
549722,0.7,5.9,7.9,0,0,945,1,1
549742,0.7,5.9,7.9,0,0,945,1,1
549762,0.7,5.9,7.9,0,0,945,1,1
549782,0.7,5.9,7.9,0,0,946,1,1
549802,0.7,5.9,7.9,0,0,946,1,1
549822,0.7,5.9,7.9,0,0,945,1,1
549842,0.7,5.9,7.9,0,0,945,1,1
549862,0.7,5.9,7.9,0,0,945,1,1
549882,0.7,5.9,7.9,0,0,946,1,1
549902,0.7,5.9,7.9,0,0,945,1,1
549922,0.7,5.9,7.9,0,0,944,1,1
549942,0.7,5.9,7.9,0,0,946,1,1
549962,0.7,5.9,7.9,0,0,947,1,1
549982,0.7,5.9,7.9,0,0,945,1,1
550002,0.7,5.9,7.9,0,0,945,1,1
550022,0.7,5.9,7.9,0,0,946,1,1
550042,0.7,5.9,7.9,0,0,945,1,1
550062,0.7,5.9,7.9,0,0,944,1,1
550082,0.4,5.5,8.1,0,0,945,1,1
550102,0.9,5.6,7.5,0,0,946,1,1
550122,1.9,7.0,7.1,0,0,944,1,1
550142,-0.1,5.7,6.1,0,0,943,1,1
550162,0.6,5.9,8.4,0,0,946,1,1
550182,0.8,5.7,8.0,0,0,947,1,1
550202,0.8,5.7,8.1,10,23,946,1,1
550222,0.6,5.6,7.7,1,17,947,1,1
550242,0.8,5.7,8.2,-2,12,945,1,1
550262,0.9,6.0,8.0,-9,5,946,1,1
550282,0.7,5.8,7.9,0,0,943,1,1
550302,0.7,5.9,7.9,0,0,945,1,1
550322,0.7,5.9,7.9,0,0,946,1,1
550342,0.7,5.9,7.9,0,0,946,1,1
550362,0.7,5.9,7.9,0,0,945,1,1
550382,0.7,5.8,7.9,0,0,944,1,1
550402,0.7,5.8,7.9,0,0,941,1,1
550422,0.7,5.9,7.9,0,0,946,1,1
550442,0.7,5.9,7.9,0,0,945,1,1
550462,0.7,5.9,7.9,0,0,945,1,1
550482,0.7,5.8,7.9,0,0,947,1,1
550502,0.7,5.9,7.9,0,0,946,1,1
550522,0.7,5.8,7.9,0,0,945,1,1
550542,0.7,5.9,7.9,0,0,943,1,1
550562,0.7,5.9,7.9,0,0,945,1,1
550582,0.7,5.9,7.9,0,0,944,1,1
550602,0.7,5.9,7.9,0,0,946,1,1
550622,0.7,5.8,7.9,0,0,946,1,1
550642,0.7,5.9,7.9,0,0,946,1,1
550662,0.7,5.9,7.9,0,0,945,1,1
550682,0.7,5.9,7.9,0,0,944,1,1
550702,0.7,5.9,7.9,0,0,943,1,1
550722,0.7,5.9,7.9,0,0,944,1,1
550742,0.7,5.8,7.9,0,0,947,1,1
550762,0.7,5.9,7.9,0,0,948,1,1
550782,0.7,5.8,7.9,0,0,943,1,1
550802,0.7,5.9,7.9,0,0,946,1,1
550822,0.7,5.9,7.9,0,0,945,1,1
550842,0.7,5.9,7.9,0,0,946,1,1
550862,0.7,5.9,7.9,0,0,946,1,1
550882,0.7,5.9,7.9,0,0,945,1,1
550902,0.7,5.8,7.9,0,0,944,1,1
550922,0.7,5.9,7.9,0,0,946,1,1
550942,0.7,5.9,7.9,0,0,946,1,1
550962,0.7,5.9,7.9,0,0,945,1,1
550982,0.7,5.8,7.9,0,0,945,1,1
551002,0.7,5.9,7.9,0,0,946,1,1
551022,0.7,5.8,7.9,0,0,947,1,1
551042,0.7,5.8,7.9,0,0,945,1,1
551062,0.7,5.8,7.9,0,0,945,1,1
551082,0.7,5.8,7.9,0,0,947,1,1
551102,0.7,5.8,7.9,0,0,946,1,1
551122,0.7,5.9,7.9,0,0,947,1,1
551142,0.7,5.9,7.9,0,0,946,1,1
551162,0.7,5.9,7.9,0,0,944,1,1
551182,0.7,5.9,7.9,0,0,946,1,1
551202,0.7,5.9,7.9,0,0,941,1,1
551222,0.7,5.9,7.9,0,0,945,1,1
551242,0.7,5.9,7.9,0,0,946,1,1
551262,0.8,5.9,7.9,0,0,946,1,1
551282,0.7,5.9,7.9,0,0,947,1,1
551302,0.7,5.9,7.9,0,0,946,1,1
551322,0.7,5.8,7.9,0,0,945,1,1
551342,0.6,5.9,7.9,0,0,945,1,1
551362,0.7,5.9,8.0,0,0,944,1,1
551382,0.7,6.4,8.0,0,0,944,1,1
551402,0.4,8.9,6.7,0,0,946,1,1
551422,1.0,5.6,7.6,0,0,943,1,1
551442,0.8,5.8,8.2,1,-8,945,1,1
551462,0.6,5.4,7.1,0,-6,943,1,1
551482,0.8,5.4,7.8,-6,-3,945,1,1
551502,0.7,5.8,7.9,-13,-2,947,1,1
551522,0.7,6.1,7.6,-14,-2,945,1,1
551542,0.8,5.9,8.0,-16,-2,948,1,1
551562,0.7,5.9,8.0,-17,-1,947,1,1
551582,0.7,5.8,7.9,-16,-1,946,1,1
551602,0.9,5.4,7.7,-13,-2,946,1,1
551622,0.8,6.0,8.3,-10,-2,945,1,1
551642,0.7,5.8,7.9,-7,-3,944,1,1
551662,0.7,5.8,7.9,-4,-5,944,1,1
551682,0.8,5.8,8.0,-2,-5,947,1,1
551702,0.4,10.5,9.2,0,0,944,1,1
551722,0.5,6.1,7.3,0,0,946,1,1
551742,0.7,6.0,8.1,0,0,944,1,1
551762,0.7,5.9,8.0,0,0,946,1,1
551782,0.7,5.9,7.9,0,0,945,1,1
551802,0.7,5.9,7.9,0,0,947,1,1
551822,0.7,5.9,7.9,0,0,944,1,1
551842,0.7,5.9,7.9,0,0,945,1,1
551862,0.7,5.9,7.8,0,0,945,1,1
551882,0.7,5.9,7.9,0,0,946,1,1
551902,0.7,5.9,7.8,0,0,942,1,1
551922,0.7,5.9,7.9,0,0,945,1,1
551942,0.7,5.9,7.9,0,0,944,1,1
551962,0.7,5.9,7.9,0,0,945,1,1
551982,0.7,5.9,7.9,0,0,944,1,1
552002,0.7,5.9,7.9,0,0,945,1,1
552022,0.7,5.9,7.9,0,0,945,1,1
552042,0.7,5.9,7.9,0,0,945,1,1
552062,0.7,5.9,7.9,0,0,947,1,1
552082,0.7,5.8,7.9,0,0,945,1,1
552102,0.7,5.9,7.9,0,0,945,1,1
552122,0.7,5.9,7.9,0,0,947,1,1
552142,0.7,5.9,7.9,0,0,944,1,1
552162,0.7,5.9,7.9,0,0,946,1,1
552182,0.7,5.9,7.9,0,0,945,1,1
552202,0.7,5.9,7.9,0,0,943,1,1
552222,0.7,5.9,7.9,0,0,940,1,1
552242,0.7,5.9,7.9,0,0,942,1,1
552262,0.7,5.9,7.9,0,0,943,1,1
552282,0.7,5.9,7.9,0,0,946,1,1
552302,0.7,5.9,7.9,0,0,944,1,1
552322,0.7,5.9,7.9,0,0,947,1,1
552342,0.7,5.9,7.9,0,0,948,1,1
552362,0.7,5.9,7.9,0,0,943,1,1
552382,0.7,5.9,7.9,0,0,948,1,1
552402,0.7,5.9,7.9,0,0,945,1,1
552422,0.7,5.9,7.9,0,0,946,1,1
552442,0.7,5.9,7.9,0,0,945,1,1
552462,0.7,5.9,7.9,0,0,944,1,1
552482,0.7,5.9,7.9,0,0,946,1,1
552502,0.7,5.9,7.9,0,0,947,1,1
552522,0.7,5.9,7.9,0,0,944,1,1
552542,0.7,5.9,7.9,0,0,944,1,1
552562,0.7,5.9,7.9,0,0,945,1,1
552582,0.7,5.9,7.9,0,0,944,1,1
552602,0.7,5.9,7.9,0,0,948,1,1
552622,0.7,5.9,7.9,0,0,945,1,1
552642,0.7,5.9,7.8,0,0,945,1,1
552662,0.7,5.9,8.0,0,0,946,1,1
552682,0.7,6.3,8.6,0,0,945,1,1
552702,0.7,6.0,8.3,0,0,946,1,1
552722,1.4,2.4,8.5,12,-6,945,1,1
552742,0.5,4.8,7.4,2,-5,947,1,1
552762,0.7,6.3,8.9,-5,-3,945,1,1
552782,0.7,5.6,7.7,-10,-2,943,1,1
552802,0.6,5.6,7.7,-14,-2,944,1,1
552822,0.7,5.8,8.0,-16,-1,944,1,1
552842,0.8,5.8,8.0,-15,-1,945,1,1
552862,0.6,5.8,8.1,-13,-1,946,1,1
552882,0.7,5.6,7.8,-10,-1,946,1,1
552902,0.6,5.2,7.4,-7,0,944,1,1
552922,0.7,5.6,7.6,0,0,945,1,1
552942,0.7,5.9,7.7,0,0,946,1,1
552962,0.7,5.9,7.9,0,0,946,1,1
552982,0.7,5.9,7.9,0,0,946,1,1
553002,0.7,5.9,7.9,0,0,946,1,1
553022,0.7,5.9,7.9,0,0,945,1,1
553042,0.7,5.9,7.9,0,0,943,1,1
553062,0.7,5.9,7.9,0,0,946,1,1
553082,0.7,5.9,7.9,0,0,944,1,1
553102,0.7,5.9,7.9,0,0,946,1,1
553122,0.7,5.9,7.9,0,0,947,1,1
553142,0.7,5.9,7.9,0,0,947,1,1
553162,0.7,5.9,7.9,0,0,945,1,1
553182,0.7,5.9,7.9,0,0,947,1,1
553202,0.7,5.9,7.9,0,0,946,1,1
553222,0.7,5.9,7.9,0,0,947,1,1
553242,0.7,5.9,7.9,0,0,945,1,1
553262,0.7,5.9,7.9,0,0,946,1,1
553282,0.7,5.9,7.9,0,0,945,1,1
553302,0.7,5.9,7.9,0,0,945,1,1
553322,0.7,5.9,7.9,0,0,945,1,1
553342,0.7,5.9,7.9,0,0,944,1,1
553362,0.7,5.9,7.9,0,0,944,1,1
553382,0.7,5.9,7.9,0,0,949,1,1
553402,0.7,5.9,7.9,0,0,948,1,1
553422,0.7,5.9,7.9,0,0,945,1,1
553442,0.7,5.9,7.9,0,0,946,1,1
553462,0.7,5.9,7.9,0,0,945,1,1
553482,0.7,5.9,7.9,0,0,946,1,1
553502,0.7,5.9,7.9,0,0,946,1,1
553522,0.7,5.9,7.9,0,0,945,1,1
553542,0.7,5.9,7.9,0,0,947,1,1
553562,0.7,5.9,7.9,0,0,943,1,1
553582,0.7,5.9,7.9,0,0,945,1,1
553602,0.7,5.9,7.9,0,0,946,1,1
553622,0.7,5.9,7.9,0,0,944,1,1
553642,0.7,5.9,7.9,0,0,951,1,1
553662,0.7,5.9,7.9,0,0,945,1,1
553682,0.7,5.9,7.9,0,0,947,1,1
553702,0.7,5.9,7.9,0,0,946,1,1
553722,0.7,5.9,7.9,0,0,944,1,1
553742,0.7,5.9,7.9,0,0,945,1,1
553762,0.7,5.9,7.9,0,0,945,1,1
553782,0.7,5.9,7.9,0,0,945,1,1
553802,0.7,5.9,7.9,0,0,945,1,1
553822,0.7,5.9,7.9,0,0,945,1,1
553842,0.7,5.9,7.9,0,0,944,1,1
553862,0.7,5.9,7.9,0,0,946,1,1
553882,0.7,5.9,7.9,0,0,945,1,1
553902,0.7,5.9,7.9,0,0,947,1,1
553922,0.7,5.9,7.9,0,0,945,1,1
553942,0.7,5.9,7.9,0,0,945,1,1
553962,0.7,5.9,7.9,0,0,946,1,1
553982,0.7,5.9,7.9,0,0,946,1,1
554002,0.7,5.9,7.9,0,0,945,1,1
554022,0.7,5.9,7.9,0,0,946,1,1
554042,0.7,5.9,7.9,0,0,946,1,1
554062,0.7,5.9,7.9,0,0,944,1,1
554082,0.6,5.9,7.9,0,0,944,1,1
554102,0.7,5.8,8.1,0,0,944,1,1
554122,0.7,5.6,7.5,0,0,942,1,1
554142,0.8,5.7,7.4,0,0,948,1,1
554162,0.7,5.9,8.0,0,0,947,1,1
554182,0.8,6.5,8.1,0,0,943,1,1
554202,0.7,6.1,7.9,0,0,945,1,1
554222,-0.6,4.7,8.2,22,23,946,1,1
554242,0.9,5.1,7.6,11,34,946,1,1
554262,0.5,5.8,8.0,5,26,946,1,1
554282,0.8,5.7,7.8,0,18,944,1,1
554302,0.7,5.8,7.9,0,13,946,1,1
554322,0.7,5.8,8.0,-5,7,946,1,1
554342,0.7,5.8,7.8,-6,3,945,1,1
554362,0.7,5.9,7.9,0,0,946,1,1
554382,0.7,5.8,7.9,0,0,946,1,1
554402,0.7,5.8,7.9,0,0,950,1,1
554422,0.7,5.9,7.9,0,0,945,1,1
554442,0.7,5.9,7.9,0,0,946,1,1
554462,0.7,5.9,7.9,0,0,945,1,1
554482,0.7,5.9,7.9,0,0,945,1,1
554502,0.7,5.8,7.9,0,0,946,1,1
554522,0.7,5.9,7.9,0,0,946,1,1
554542,0.7,5.9,7.9,0,0,946,1,1
554562,0.7,5.9,7.9,0,0,945,1,1
554582,0.7,5.8,7.9,0,0,944,1,1
554602,0.7,5.9,7.9,0,0,943,1,1
554622,0.7,5.9,7.9,0,0,948,1,1
554642,0.7,5.9,7.9,0,0,945,1,1
554662,0.7,5.9,7.9,0,0,947,1,1
554682,0.7,5.8,7.9,0,0,945,1,1
554702,0.7,5.9,7.9,0,0,946,1,1
554722,0.7,5.9,7.9,0,0,946,1,1
554742,0.7,5.9,7.9,0,0,944,1,1
554762,0.7,5.8,7.9,0,0,946,1,1
554782,0.7,5.9,7.9,0,0,945,1,1
554802,0.7,5.9,7.9,0,0,945,1,1
554822,0.7,5.8,7.9,0,0,945,1,1
554842,0.7,5.8,7.9,0,0,944,1,1
554862,0.7,5.8,7.9,0,0,944,1,1
554882,0.7,5.9,7.9,0,0,945,1,1
554902,0.7,5.9,7.9,0,0,943,1,1
554922,0.7,5.9,7.9,0,0,948,1,1
554942,0.7,5.9,7.9,0,0,946,1,1
554962,0.7,5.9,7.9,0,0,947,1,1
554982,0.7,5.9,7.9,0,0,946,1,1
555002,0.7,5.9,7.9,0,0,946,1,1
555022,0.7,5.9,7.9,0,0,946,1,1
555042,0.7,5.8,7.9,0,0,946,1,1
555062,0.7,5.9,7.9,0,0,947,1,1
555082,0.7,5.9,7.9,0,0,946,1,1
555102,0.7,5.9,7.9,0,0,943,1,1
555122,0.7,5.9,7.9,0,0,946,1,1
555142,0.7,5.9,7.9,0,0,945,1,1
555162,0.7,5.9,7.9,0,0,942,1,1
555182,0.7,5.9,7.9,0,0,947,1,1
555202,0.7,5.9,7.9,0,0,946,1,1
555222,0.7,5.9,7.9,0,0,945,1,1
555242,0.7,5.9,7.9,0,0,944,1,1
555262,0.7,5.8,7.9,0,0,945,1,1
555282,0.7,5.9,7.9,0,0,944,1,1
555302,0.7,5.9,7.9,0,0,947,1,1
555322,0.6,5.8,7.7,0,0,946,1,1
555342,0.7,5.9,8.3,0,0,944,1,1
555362,0.8,5.5,7.2,0,0,945,1,1
555382,0.6,6.8,8.9,0,0,947,1,1
555402,1.9,7.5,4.2,3,-15,947,1,1
555422,1.0,7.2,8.4,0,-9,946,1,1
555442,0.6,5.7,7.6,-6,-5,948,1,1
555462,0.6,5.4,7.2,-12,-2,947,1,1
555482,1.0,5.4,8.0,-13,-1,946,1,1
555502,0.7,6.2,7.8,-18,0,944,1,1
555522,0.7,6.1,8.0,-17,-1,944,1,1
555542,1.0,5.0,8.0,-12,-1,943,1,1
555562,0.7,5.7,8.0,-6,-2,946,1,1
555582,0.7,5.8,7.9,-2,-1,945,1,1
555602,0.7,5.7,7.9,0,0,945,1,1
555622,-0.1,8.8,7.3,0,0,942,1,1
555642,0.6,6.3,7.9,0,0,943,1,1
555662,0.7,6.4,8.0,0,0,945,1,1
555682,0.7,5.8,7.8,0,0,944,1,1
555702,0.7,5.9,7.9,0,0,949,1,1
555722,0.7,5.9,7.9,0,0,946,1,1
555742,0.7,5.9,7.9,0,0,946,1,1
555762,0.7,5.9,7.9,0,0,946,1,1
555782,0.7,5.9,7.9,0,0,947,1,1
555802,0.7,5.9,7.9,0,0,944,1,1
555822,0.7,5.9,7.9,0,0,945,1,1
555842,0.7,5.9,7.9,0,0,942,1,1
555862,0.7,5.9,7.9,0,0,945,1,1
555882,0.7,5.9,7.9,0,0,943,1,1
555902,0.7,5.9,7.9,0,0,944,1,1
555922,0.7,5.9,7.9,0,0,947,1,1
555942,0.7,5.9,7.9,0,0,946,1,1
555962,0.7,5.9,7.9,0,0,948,1,1
555982,0.7,5.9,7.9,0,0,946,1,1
556002,0.7,5.9,7.9,0,0,946,1,1
556022,0.7,5.9,7.9,0,0,945,1,1
556042,0.7,5.9,7.9,0,0,945,1,1
556062,0.7,5.9,7.9,0,0,946,1,1
556082,0.7,5.9,7.9,0,0,943,1,1
556102,0.7,5.9,7.9,0,0,945,1,1
556122,0.7,5.9,7.9,0,0,944,1,1
556142,0.7,5.9,7.9,0,0,943,1,1
556162,0.7,5.9,7.9,0,0,945,1,1
556182,0.7,5.9,7.9,0,0,944,1,1
556202,0.7,5.9,7.9,0,0,946,1,1
556222,0.7,5.9,7.9,0,0,948,1,1
556242,0.7,5.9,7.9,0,0,945,1,1
556262,0.7,5.9,7.9,0,0,946,1,1
556282,0.7,5.9,7.9,0,0,946,1,1
556302,0.7,5.9,7.9,0,0,947,1,1
556322,0.7,5.9,7.9,0,0,946,1,1
556342,0.7,5.9,7.9,0,0,946,1,1
556362,0.7,5.9,7.9,0,0,946,1,1
556382,0.7,5.9,7.9,0,0,944,1,1
556402,0.7,5.9,7.9,0,0,943,1,1
556422,0.7,5.9,7.9,0,0,945,1,1
556442,0.7,5.9,7.9,0,0,945,1,1
556462,0.7,5.9,7.9,0,0,942,1,1
556482,0.7,5.9,7.9,0,0,946,1,1
556502,0.7,5.9,7.9,0,0,945,1,1
556522,0.7,5.9,7.9,0,0,947,1,1
556542,0.7,5.9,7.9,0,0,945,1,1
556562,0.7,5.9,7.9,0,0,945,1,1
556582,0.7,5.9,7.9,0,0,945,1,1
556602,0.7,5.9,7.9,0,0,945,1,1
556622,0.7,5.9,7.9,0,0,943,1,1
556642,0.7,5.9,7.9,0,0,946,1,1
556662,0.7,5.9,7.9,0,0,947,1,1
556682,0.7,5.9,7.9,0,0,945,1,1
556702,0.7,5.9,7.9,0,0,944,1,1
556722,0.7,5.9,7.9,0,0,950,1,1
556742,0.7,5.9,7.9,0,0,946,1,1
556762,0.7,5.9,7.9,0,0,944,1,1
556782,0.7,5.9,7.9,0,0,946,1,1
556802,0.7,5.9,7.9,0,0,947,1,1
556822,0.7,5.9,7.9,0,0,946,1,1
556842,0.7,5.9,7.9,0,0,947,1,1
556862,0.7,5.9,7.9,0,0,946,1,1
556882,0.7,5.9,7.9,0,0,945,1,1
556902,0.7,5.9,7.9,0,0,945,1,1
556922,0.7,5.9,7.9,0,0,944,1,1
556942,0.7,5.9,7.9,0,0,945,1,1
556962,0.7,5.9,7.9,0,0,943,1,1
556982,0.7,5.9,7.9,0,0,949,1,1
557002,0.7,5.9,7.9,0,0,946,1,1
557022,0.7,5.9,7.9,0,0,945,1,1
557042,0.7,5.9,7.9,0,0,943,1,1
557062,0.7,5.9,7.9,0,0,946,1,1
557082,0.7,5.9,7.9,0,0,944,1,1
557102,0.7,5.9,7.9,0,0,945,1,1
557122,0.7,5.9,7.9,0,0,945,1,1
557142,0.7,5.9,7.9,0,0,947,1,1
557162,0.7,5.9,7.9,0,0,943,1,1
557182,0.7,5.9,7.9,0,0,946,1,1
557202,0.7,5.9,7.9,0,0,945,1,1
557222,0.7,5.9,7.9,0,0,947,1,1
557242,0.7,5.9,7.9,0,0,947,1,1
557262,0.7,5.9,7.9,0,0,945,1,1
557282,0.7,5.9,7.9,0,0,946,1,1
557302,0.7,5.9,7.9,0,0,945,1,1
557322,0.7,5.9,7.9,0,0,946,1,1
557342,0.7,5.9,7.9,0,0,946,1,1
557362,0.7,5.9,7.9,0,0,944,1,1
557382,0.7,5.9,7.9,0,0,944,1,1
557402,0.7,5.9,7.9,0,0,945,1,1
557422,0.7,5.9,7.9,0,0,946,1,1
557442,0.7,5.9,7.9,0,0,945,1,1
557462,0.7,5.9,7.9,0,0,946,1,1
557482,0.7,5.9,7.9,0,0,944,1,1
557502,0.7,5.9,7.9,0,0,947,1,1
557522,0.7,5.9,7.9,0,0,945,1,1
557542,0.7,5.9,7.9,0,0,946,1,1
557562,0.7,5.9,7.9,0,0,945,1,1
557582,0.7,5.9,7.9,0,0,947,1,1
557602,0.7,5.9,7.9,0,0,945,1,1
557622,0.7,5.9,7.9,0,0,945,1,1
557642,0.7,5.9,7.9,0,0,945,1,1
557662,0.7,5.9,7.9,0,0,946,1,1
557682,0.7,5.9,7.9,0,0,947,1,1
557702,0.7,5.9,7.9,0,0,943,1,1
557722,0.7,5.9,7.9,0,0,926,1,1
557742,0.7,5.9,7.9,0,0,947,1,1
557762,0.7,5.9,7.9,0,0,946,1,1
557782,0.7,5.9,7.9,0,0,947,1,1
557802,0.7,5.9,7.9,0,0,946,1,1
557822,0.7,5.9,7.9,0,0,944,1,1
557842,0.7,5.9,7.9,0,0,948,1,1
557862,0.7,5.9,7.9,0,0,946,1,1
557882,0.7,5.9,7.9,0,0,945,1,1
557902,0.7,5.9,7.9,0,0,947,1,1
557922,0.7,5.9,7.9,0,0,947,1,1
557942,0.7,5.9,7.9,0,0,945,1,1
557962,0.7,5.9,7.9,0,0,943,1,1
557982,0.7,5.9,7.9,0,0,945,1,1
558002,0.7,5.9,7.9,0,0,945,1,1
558022,0.7,5.9,7.9,0,0,942,1,1
558042,0.7,5.9,7.9,0,0,946,1,1
558062,0.7,5.9,7.9,0,0,947,1,1
558082,0.7,5.9,7.9,0,0,943,1,1
558102,0.7,5.9,7.9,0,0,944,1,1
558122,0.7,5.9,7.9,0,0,945,1,1
558142,0.7,5.9,7.9,0,0,943,1,1
558162,0.7,5.9,7.9,0,0,945,1,1
558182,0.7,5.9,7.9,0,0,945,1,1
558202,0.7,5.9,7.9,0,0,945,1,1
558222,0.7,5.9,7.9,0,0,946,1,1
558242,0.7,5.9,7.9,0,0,943,1,1
558262,0.7,5.9,7.9,0,0,945,1,1
558282,0.7,5.9,7.8,0,0,944,1,1
558302,0.7,5.9,7.8,0,0,945,1,1
558322,0.7,5.9,7.9,0,0,947,1,1
558342,0.7,5.9,7.9,0,0,946,1,1
558362,0.7,5.8,7.9,0,0,946,1,1
558382,0.7,5.9,7.9,0,0,945,1,1
558402,0.7,5.9,7.8,0,0,947,1,1
558422,0.7,5.9,7.8,0,0,945,1,1
558442,0.7,5.9,7.9,0,0,944,1,1
558462,0.7,5.9,7.9,0,0,944,1,1
558482,0.7,5.9,7.9,0,0,945,1,1
558502,0.7,5.9,7.9,0,0,944,1,1
558522,0.7,5.9,7.9,0,0,946,1,1
558542,0.7,5.9,7.8,0,0,945,1,1
558562,0.7,5.9,7.9,0,0,945,1,1
558582,0.7,5.9,7.9,0,0,947,1,1
558602,0.7,5.8,7.9,0,0,945,1,1
558622,0.7,5.9,7.9,0,0,945,1,1
558642,0.7,5.9,7.8,0,0,945,1,1
558662,0.7,5.9,7.9,0,0,947,1,1
558682,0.7,5.9,7.9,0,0,946,1,1
558702,0.7,5.9,7.9,0,0,946,1,1
558722,0.7,5.9,7.9,0,0,944,1,1
558742,0.7,5.9,7.9,0,0,947,1,1
558762,0.7,5.9,7.9,0,0,942,1,1
558782,0.7,5.9,7.9,0,0,945,1,1
558802,0.7,5.9,7.9,0,0,945,1,1
558822,0.7,5.9,7.9,0,0,946,1,1
558842,0.7,5.9,7.9,0,0,949,1,1
558862,0.7,5.9,7.9,0,0,945,1,1
558882,0.7,5.9,7.9,0,0,947,1,1
558902,0.7,5.9,7.9,0,0,947,1,1
558922,0.7,5.9,7.9,0,0,945,1,1
558942,0.7,5.9,7.9,0,0,945,1,1
558962,0.7,5.9,7.9,0,0,942,1,1
558982,0.7,5.9,7.9,0,0,945,1,1
559002,0.7,5.9,7.9,0,0,944,1,1
559022,0.7,5.9,7.9,0,0,945,1,1
559042,0.7,5.9,7.9,0,0,946,1,1
559062,0.7,5.9,7.9,0,0,944,1,1
559082,0.7,5.9,7.9,0,0,947,1,1
559102,0.7,5.9,7.9,0,0,946,1,1
559122,0.7,5.9,7.9,0,0,945,1,1
559142,0.7,5.9,7.9,0,0,946,1,1
559162,0.7,5.9,7.9,0,0,945,1,1
559182,0.7,5.9,7.9,0,0,944,1,1
559202,0.7,5.9,7.9,0,0,945,1,1
559222,0.7,5.9,7.9,0,0,947,1,1
559242,0.7,5.9,7.9,0,0,947,1,1
559262,0.7,5.9,7.9,0,0,946,1,1
559282,0.7,5.9,7.9,0,0,946,1,1
559302,0.7,5.9,7.9,0,0,942,1,1
559322,0.7,5.9,7.9,0,0,944,1,1
559342,0.7,5.9,7.9,0,0,947,1,1
559362,0.7,5.9,7.9,0,0,946,1,1
559382,0.7,5.9,7.9,0,0,949,1,1
559402,0.7,5.9,7.9,0,0,947,1,1
559422,0.7,5.9,7.9,0,0,945,1,1
559442,0.7,5.9,7.9,0,0,945,1,1
559462,0.7,5.9,7.9,0,0,945,1,1
559482,0.7,5.9,7.9,0,0,944,1,1
559502,0.7,5.9,7.9,0,0,946,1,1
559522,0.7,5.9,7.9,0,0,945,1,1
559542,0.7,5.9,7.9,0,0,944,1,1
559562,0.7,5.9,7.9,0,0,945,1,1
559582,0.7,5.9,7.9,0,0,944,1,1
559602,0.7,5.9,7.9,0,0,945,1,1
559622,0.7,5.9,7.9,0,0,944,1,1
559642,0.7,5.9,7.9,0,0,946,1,1
559662,0.7,5.9,7.9,0,0,947,1,1
559682,0.7,5.9,7.9,0,0,945,1,1
559702,0.7,5.9,7.9,0,0,945,1,1
559722,0.7,5.9,7.9,0,0,945,1,1
559742,0.7,5.9,7.9,0,0,945,1,1
559762,0.7,5.9,7.9,0,0,945,1,1
559782,0.7,5.9,7.9,0,0,946,1,1
559802,0.7,5.9,7.9,0,0,946,1,1
559822,0.7,5.9,7.9,0,0,946,1,1
559842,0.7,5.9,7.9,0,0,946,1,1
559862,0.7,5.9,7.9,0,0,941,1,1
559882,0.7,5.9,7.9,0,0,944,1,1
559902,0.7,5.9,7.9,0,0,946,1,1
559922,0.7,5.9,7.9,0,0,945,1,1
559942,0.7,5.9,7.9,0,0,948,1,1
559962,0.7,5.9,7.9,0,0,947,1,1
559982,0.7,5.9,7.9,0,0,946,1,1
560002,0.7,5.9,7.9,0,0,944,1,1
560022,0.7,5.9,7.9,0,0,943,1,1
560042,0.7,5.9,7.9,0,0,944,1,1
560062,0.7,5.9,7.9,0,0,945,1,1
560082,0.7,5.9,7.9,0,0,943,1,1
560102,0.7,5.9,7.9,0,0,946,1,1
560122,0.7,5.9,7.9,0,0,945,1,1
560142,0.7,5.9,7.9,0,0,944,1,1
560162,0.7,5.9,7.9,0,0,944,1,1
560182,0.7,5.9,7.9,0,0,946,1,1
560202,0.7,5.9,7.9,0,0,948,1,1
560222,0.7,5.9,7.9,0,0,945,1,1
560242,0.7,5.9,7.9,0,0,947,1,1
560262,0.7,5.9,7.9,0,0,946,1,1
560282,0.7,5.9,7.9,0,0,946,1,1
560302,0.7,5.9,7.9,0,0,946,1,1
560322,0.7,5.9,7.8,0,0,948,1,1
560342,0.7,5.9,7.9,0,0,948,1,1
560362,0.7,5.9,7.9,0,0,946,1,1
560382,0.7,5.9,7.9,0,0,948,1,1
560402,0.7,5.9,7.9,0,0,944,1,1
560422,0.7,5.9,7.9,0,0,946,1,1
560442,0.7,5.9,7.9,0,0,945,1,1
560462,0.7,5.9,7.9,0,0,946,1,1
560482,0.7,5.9,7.9,0,0,947,1,1
560502,0.7,5.9,7.9,0,0,946,1,1
560522,0.7,5.9,7.9,0,0,945,1,1
560542,0.7,5.9,7.9,0,0,945,1,1
560562,0.7,5.9,7.9,0,0,947,1,1
560582,0.7,5.9,7.9,0,0,945,1,1
<DISCONNECTED>
