timestamp,Ax,Ay,Az,Dx,Dy,flex,B1,B2
202362,0.9,5.9,7.8,0,0,946,1,1
202382,1.0,5.9,7.8,0,0,946,1,1
202402,0.9,5.9,7.8,0,0,946,1,1
202422,0.9,5.9,7.8,0,0,946,1,1
202442,0.9,5.9,7.8,0,0,943,1,1
202462,0.9,5.9,7.8,0,0,944,1,1
202482,0.9,5.9,7.8,0,0,945,1,1
202502,0.9,5.9,7.8,0,0,945,1,1
202522,0.9,5.9,7.8,0,0,947,1,1
202542,0.9,6.0,7.8,0,0,946,1,1
202562,0.9,5.9,7.8,0,0,944,1,1
202582,0.9,5.9,7.8,0,0,946,1,1
202602,0.9,5.9,7.8,0,0,945,1,1
202622,0.9,5.9,7.8,0,0,948,1,1
202642,0.9,5.9,7.8,0,0,946,1,1
202662,0.9,5.9,7.8,0,0,947,1,1
202682,0.9,5.9,7.8,0,0,945,1,1
202702,0.9,5.9,7.9,0,0,943,1,1
202722,0.9,5.9,7.8,0,0,944,1,1
202742,0.9,5.9,7.8,0,0,945,1,1
202762,0.9,5.9,7.8,0,0,948,1,1
202782,0.9,5.9,7.8,0,0,946,1,1
202802,0.9,5.9,7.8,0,0,945,1,1
202822,0.9,5.9,7.8,0,0,946,1,1
202842,0.9,6.0,7.8,0,0,945,1,1
202862,0.9,5.9,7.8,0,0,946,1,1
202882,0.9,5.9,7.8,0,0,944,1,1
202902,0.9,5.9,7.8,0,0,946,1,1
202922,0.9,5.9,7.8,0,0,944,1,1
202942,0.9,5.9,7.8,0,0,945,1,1
202962,0.9,5.9,7.8,0,0,945,1,1
202982,0.9,5.9,7.8,0,0,945,1,1
203002,0.9,5.9,7.8,0,0,943,1,1
203022,0.9,5.9,7.8,0,0,943,1,1
203042,0.9,5.9,7.8,0,0,947,1,1
203062,0.9,5.9,7.9,0,0,944,1,1
203082,0.9,5.9,7.8,0,0,945,1,1
203102,0.9,5.9,7.8,0,0,945,1,1
203122,0.9,5.9,7.8,0,0,943,1,1
203142,0.9,5.9,7.8,0,0,946,1,1
203162,0.9,6.0,7.8,0,0,945,1,1
203182,0.9,5.9,7.8,0,0,944,1,1
203202,0.9,5.9,7.8,0,0,946,1,1
203222,0.9,6.0,7.6,0,0,944,1,1
203242,0.9,6.0,7.6,0,0,943,1,1
203262,0.9,6.0,7.6,0,0,942,1,1
203282,0.9,6.0,7.4,0,0,947,1,1
203302,0.8,6.0,7.3,0,0,947,1,1
203322,0.7,5.9,7.4,0,0,945,1,1
203342,0.8,6.0,6.9,0,0,946,1,1
203362,0.8,6.2,7.3,0,0,946,1,1
203382,1.1,11.0,10.8,0,0,945,1,1
203402,0.9,6.9,8.5,0,0,945,1,1
203422,0.4,6.2,7.9,0,0,947,1,1
203442,0.9,6.4,8.1,0,0,945,1,1
203462,0.6,6.2,6.9,0,0,945,1,1
203482,0.6,6.7,7.9,0,0,943,1,1
203502,0.6,6.5,7.5,0,0,945,1,1
203522,0.7,6.5,6.2,0,0,944,1,1
203542,0.7,6.5,7.5,0,0,947,1,1
203562,0.7,6.6,7.3,0,0,945,1,1
203582,0.7,6.4,7.2,0,0,944,1,1
203602,0.7,6.6,7.5,0,0,943,1,1
203622,0.6,6.5,7.3,0,0,944,1,1
203642,0.6,6.5,7.4,0,0,945,1,1
203662,0.6,6.5,7.4,0,0,946,1,1
203682,0.7,6.5,7.4,0,0,945,1,1
203702,0.7,6.5,7.4,0,0,946,1,1
203722,0.7,6.5,8.6,0,0,943,1,1
203742,0.7,6.5,7.4,0,0,941,1,1
203762,0.7,6.5,7.4,0,0,945,1,1
203782,0.6,6.5,7.4,0,0,945,1,1
203802,0.6,6.5,7.4,0,0,946,1,1
203822,0.7,6.5,7.4,0,0,946,1,1
203842,0.7,6.5,7.4,0,0,946,1,1
203862,0.7,6.5,7.4,0,0,944,1,1
203882,0.7,6.5,7.4,0,0,944,1,1
203902,0.7,6.5,7.4,0,0,946,1,1
203922,0.7,6.5,7.4,0,0,943,1,1
203942,0.7,6.5,7.4,0,0,946,1,1
203962,0.6,6.5,7.4,0,0,945,1,1
203982,0.6,6.5,7.4,0,0,943,1,1
204002,0.6,6.5,7.4,0,0,944,1,1
204022,0.6,6.5,7.4,0,0,945,1,1
204042,0.7,6.5,7.4,0,0,944,1,1
204062,0.7,6.5,7.4,0,0,947,1,1
204082,0.7,6.5,7.4,0,0,944,1,1
204102,0.7,6.5,7.4,0,0,946,1,1
204122,0.6,6.5,7.4,0,0,944,1,1
204142,0.6,6.5,7.4,0,0,945,1,1
204162,0.6,6.5,8.6,0,0,945,1,1
204182,0.7,6.5,7.4,0,0,945,1,1
204202,0.7,6.5,7.3,0,0,948,1,1
204222,0.7,6.5,7.4,0,0,945,1,1
204242,0.7,6.5,7.3,0,0,943,1,1
204262,0.7,6.5,7.4,0,0,945,1,1
204282,0.7,6.5,7.3,0,0,944,1,1
204302,0.6,6.5,7.3,0,0,945,1,1
204322,0.7,6.5,7.4,0,0,947,1,1
204342,0.7,6.5,7.4,0,0,946,1,1
204362,0.7,6.5,7.4,0,0,945,1,1
204382,0.7,6.5,7.4,0,0,944,1,1
204402,0.7,6.5,7.4,0,0,946,1,1
204422,0.7,6.5,7.4,0,0,943,1,1
204442,0.7,6.5,7.4,0,0,944,1,1
204462,0.7,6.5,7.4,0,0,947,1,1
204482,0.7,6.5,7.4,0,0,945,1,1
204502,0.7,6.5,7.4,0,0,945,1,1
204522,0.7,6.5,7.4,0,0,944,1,1
204542,0.7,6.5,8.6,0,0,945,1,1
204562,0.7,6.5,7.4,0,0,945,1,1
204582,0.7,6.5,7.4,0,0,946,1,1
204602,0.7,6.5,7.4,0,0,948,1,1
204622,0.7,6.5,7.4,0,0,946,1,1
204642,0.7,6.5,7.4,0,0,947,1,1
204662,0.7,6.5,7.4,0,0,944,1,1
204682,0.7,6.5,7.4,0,0,950,1,1
204702,0.7,6.5,7.3,0,0,947,1,1
204722,0.7,6.5,7.4,0,0,945,1,1
204742,0.7,6.5,7.4,0,0,943,1,1
204762,0.7,6.5,7.4,0,0,948,1,1
204782,0.7,6.5,7.4,0,0,945,1,1
204802,0.7,6.5,7.4,0,0,944,1,1
204822,0.7,6.5,7.4,0,0,945,1,1
204842,0.6,6.5,7.4,0,0,947,1,1
204862,0.7,6.5,7.4,0,0,945,1,1
204882,0.7,6.5,7.4,0,0,948,1,1
204902,0.7,6.5,7.4,0,0,945,1,1
204922,0.7,6.5,7.4,0,0,945,1,1
204942,0.7,6.5,7.4,0,0,945,1,1
204962,0.7,6.5,7.4,0,0,946,1,1
204982,0.7,6.5,7.3,0,0,945,1,1
205002,0.6,6.5,7.4,0,0,946,1,1
205022,0.7,6.5,7.4,0,0,946,1,1
205042,0.7,6.5,7.4,0,0,947,1,1
205062,0.7,6.5,7.4,0,0,944,1,1
205082,0.7,6.5,7.4,0,0,944,1,1
205102,0.7,6.5,7.3,0,0,945,1,1
205122,0.7,6.5,7.3,0,0,945,1,1
205142,-0.5,10.0,4.0,0,0,947,1,1
205162,0.7,7.7,3.6,0,0,947,1,1
205182,0.4,5.8,8.6,0,0,947,1,1
205202,0.7,9.5,7.9,0,0,946,1,1
205222,0.9,6.2,12.2,0,6,945,1,1
205242,0.3,3.6,1.8,0,0,946,1,1
205262,0.5,5.4,9.7,0,0,945,1,1
205282,0.6,7.1,9.5,0,0,946,1,1
205302,0.8,6.6,5.4,0,0,940,1,1
205322,0.6,6.6,9.1,0,0,944,1,1
205342,0.7,6.4,7.1,0,0,946,1,1
205362,0.7,6.6,7.5,0,0,946,1,1
205382,0.7,6.5,7.3,0,0,944,1,1
205402,0.7,6.3,7.2,0,0,951,1,1
205422,0.7,6.6,7.7,0,0,944,1,1
205442,0.7,6.6,7.6,0,0,946,1,1
205462,0.7,6.2,7.2,0,0,946,1,1
205482,0.7,6.6,7.5,0,0,944,1,1
205502,0.7,6.5,7.4,0,0,946,1,1
205522,0.7,6.5,7.4,0,0,944,1,1
205542,0.7,6.4,7.4,0,0,947,1,1
205562,0.7,6.5,7.4,0,0,944,1,1
205582,0.7,6.5,7.4,0,0,946,1,1
205602,0.7,6.5,7.4,0,0,943,1,1
205622,0.7,6.5,7.4,0,0,943,1,1
205642,0.7,6.5,7.4,0,0,947,1,1
205662,0.7,6.5,7.4,0,0,944,1,1
205682,0.7,6.5,7.4,0,0,948,1,1
205702,0.7,6.5,7.4,0,0,946,1,1
205722,0.7,6.5,7.4,0,0,946,1,1
205742,0.7,6.5,7.4,0,0,946,1,1
205762,0.7,6.5,7.4,0,0,946,1,1
205782,0.7,6.5,7.4,0,0,950,1,1
205802,0.7,6.4,7.4,0,0,947,1,1
205822,0.7,6.5,7.4,0,0,946,1,1
205842,0.7,6.5,7.4,0,0,946,1,1
205862,0.7,6.5,7.4,0,0,944,1,1
205882,0.7,6.4,7.4,0,0,944,1,1
205902,0.7,6.4,7.4,0,0,947,1,1
205922,0.7,6.5,7.4,0,0,944,1,1
205942,0.7,6.5,7.4,0,0,944,1,1
205962,0.7,6.5,7.4,0,0,945,1,1
205982,0.7,6.5,7.4,0,0,944,1,1
206002,0.7,6.5,7.4,0,0,945,1,1
206022,0.7,6.5,7.4,0,0,944,1,1
206042,0.7,6.5,7.4,0,0,946,1,1
206062,0.7,6.5,7.4,0,0,945,1,1
206082,0.7,6.5,7.4,0,0,947,1,1
206102,0.7,6.5,7.4,0,0,943,1,1
206122,0.7,6.5,7.4,0,0,944,1,1
206142,0.7,6.5,7.4,0,0,941,1,1
206162,0.7,6.5,7.4,0,0,946,1,1
206182,0.7,6.4,7.4,0,0,944,1,1
206202,0.7,6.5,7.4,0,0,948,1,1
206222,0.7,6.5,7.4,0,0,946,1,1
206242,0.7,6.5,7.4,0,0,946,1,1
206262,0.7,6.5,7.4,0,0,946,1,1
206282,0.7,6.4,7.4,0,0,945,1,1
206302,0.7,6.5,7.4,0,0,945,1,1
206322,0.7,6.5,7.4,0,0,945,1,1
206342,0.7,6.5,7.4,0,0,945,1,1
206362,0.7,6.5,7.4,0,0,945,1,1
206382,8.1,-16.8,-10.5,0,0,946,1,1
206402,0.5,15.5,13.2,0,0,941,1,1
206422,0.6,6.7,5.3,0,0,944,1,1
206442,0.1,6.0,11.5,0,0,943,1,1
206462,1.0,4.4,3.3,0,0,944,1,1
206482,0.3,5.4,9.0,0,0,945,1,1
206502,0.6,7.3,9.5,0,0,946,1,1
206522,0.9,7.0,4.4,0,0,946,1,1
206542,0.6,6.3,9.4,0,0,945,1,1
206562,0.7,6.3,7.1,0,0,946,1,1
206582,0.8,6.4,7.2,0,0,944,1,1
206602,0.7,6.5,7.5,0,0,947,1,1
206622,0.7,6.4,7.3,0,0,945,1,1
206642,0.7,6.5,7.4,0,0,945,1,1
206662,0.7,6.4,7.3,0,0,944,1,1
206682,0.7,6.5,7.4,0,0,946,1,1
206702,0.7,6.5,7.4,0,0,946,1,1
206722,0.7,6.4,7.4,0,0,946,1,1
206742,0.7,6.4,7.4,0,0,947,1,1
206762,0.7,6.4,7.4,0,0,947,1,1
206782,0.7,6.4,7.4,0,0,945,1,1
206802,0.7,6.4,7.4,0,0,944,1,1
206822,0.7,6.4,7.4,0,0,946,1,1
206842,0.7,6.5,7.4,0,0,948,1,1
206862,0.7,6.4,7.4,0,0,944,1,1
206882,0.7,6.4,7.4,0,0,946,1,1
206902,0.7,6.4,7.4,0,0,946,1,1
206922,0.7,6.4,7.4,0,0,944,1,1
206942,0.7,6.5,7.4,0,0,944,1,1
206962,0.7,6.4,7.4,0,0,947,1,1
206982,0.7,6.5,7.4,0,0,945,1,1
207002,0.7,6.4,7.4,0,0,947,1,1
207022,0.7,6.4,7.4,0,0,945,1,1
207042,0.7,6.4,7.4,0,0,950,1,1
207062,0.7,6.4,7.4,0,0,943,1,1
207082,0.7,6.4,7.4,0,0,947,1,1
207102,0.7,6.4,7.4,0,0,944,1,1
207122,0.7,6.4,7.4,0,0,946,1,1
207142,0.7,6.4,7.4,0,0,945,1,1
207162,0.7,6.4,7.4,0,0,945,1,1
207182,0.7,6.4,7.4,0,0,945,1,1
207202,0.7,6.5,7.4,0,0,948,1,1
207222,0.7,6.4,7.4,0,0,943,1,1
207242,0.7,6.4,7.4,0,0,945,1,1
207262,0.7,6.4,7.4,0,0,950,1,1
207282,0.7,6.5,7.4,0,0,947,1,1
207302,0.7,6.4,7.4,0,0,946,1,1
207322,0.7,6.5,7.4,0,0,945,1,1
207342,0.7,6.4,7.4,0,0,946,1,1
207362,0.7,6.4,7.4,0,0,945,1,1
207382,0.7,6.4,7.4,0,0,948,1,1
207402,0.7,6.4,7.4,0,0,945,1,1
207422,0.7,6.5,7.4,0,0,945,1,1
207442,0.7,6.4,7.4,0,0,945,1,1
207462,0.7,6.5,7.4,0,0,944,1,1
207482,0.7,6.4,7.4,0,0,944,1,1
207502,0.7,6.4,7.4,0,0,946,1,1
207522,0.7,6.4,7.4,0,0,945,1,1
207542,0.7,6.5,7.4,0,0,947,1,1
207562,0.7,6.4,7.4,0,0,944,1,1
207582,0.7,6.4,7.4,0,0,946,1,1
207602,0.7,6.4,7.4,0,0,945,1,1
207622,2.1,17.6,17.1,0,0,944,1,1
207642,1.0,5.6,7.3,0,0,945,1,1
207662,0.2,7.1,10.4,0,0,946,1,1
207682,0.0,7.4,11.8,0,0,947,1,1
207702,1.1,3.7,3.6,0,0,946,1,1
207722,0.3,5.7,9.2,0,0,943,1,1
207742,0.6,6.7,9.2,0,0,945,1,1
207762,0.8,6.8,5.4,0,0,944,1,1
207782,0.6,7.0,9.3,0,0,945,1,1
207802,0.7,6.2,6.8,0,0,947,1,1
207822,0.7,6.2,7.3,0,0,945,1,1
207842,0.7,6.6,7.5,0,0,946,1,1
207862,0.7,6.3,7.1,0,0,946,1,1
207882,0.7,6.3,7.4,0,0,945,1,1
207902,0.7,6.4,7.5,0,0,944,1,1
207922,0.7,6.4,7.4,0,0,945,1,1
207942,0.7,6.4,7.4,0,0,946,1,1
207962,0.7,6.5,7.4,0,0,948,1,1
207982,0.7,6.4,7.4,0,0,942,1,1
208002,0.7,6.4,7.4,0,0,946,1,1
208022,0.7,6.4,7.4,0,0,945,1,1
208042,0.7,6.4,7.4,0,0,945,1,1
208062,0.7,6.4,7.4,0,0,947,1,1
208082,0.7,6.5,7.4,0,0,945,1,1
208102,0.7,6.5,7.4,0,0,944,1,1
208122,0.7,6.4,7.4,0,0,947,1,1
208142,0.7,6.4,7.4,0,0,946,1,1
208162,0.7,6.4,7.4,0,0,944,1,1
208182,0.7,6.5,7.4,0,0,945,1,1
208202,0.7,6.5,7.4,0,0,945,1,1
208222,0.7,6.4,7.4,0,0,944,1,1
208242,0.7,6.4,7.4,0,0,944,1,1
208262,0.7,6.5,7.4,0,0,945,1,1
208282,0.7,6.4,7.4,0,0,948,1,1
208302,0.7,6.4,7.4,0,0,946,1,1
208322,0.7,6.4,7.4,0,0,947,1,1
208342,0.7,6.4,7.4,0,0,946,1,1
208362,0.7,6.4,7.4,0,0,943,1,1
208382,0.7,6.4,7.4,0,0,947,1,1
208402,0.7,6.4,7.4,0,0,945,1,1
208422,0.7,6.4,7.4,0,0,945,1,1
208442,0.7,6.5,7.4,0,0,945,1,1
208462,0.7,6.4,7.4,0,0,942,1,1
208482,0.7,6.4,7.4,0,0,944,1,1
208502,0.7,6.5,7.4,0,0,944,1,1
208522,0.7,6.4,7.4,0,0,943,1,1
208542,0.7,6.4,7.4,0,0,946,1,1
208562,0.7,6.4,7.4,0,0,945,1,1
208582,0.7,6.5,7.4,0,0,945,1,1
208602,0.7,6.4,7.4,0,0,947,1,1
208622,0.7,6.5,7.4,0,0,945,1,1
208642,0.7,6.4,7.4,0,0,945,1,1
208662,0.7,6.4,7.4,0,0,944,1,1
208682,0.7,6.5,7.4,0,0,945,1,1
208702,0.7,6.4,7.4,0,0,946,1,1
208722,0.7,6.5,7.4,0,0,945,1,1
208742,0.7,6.5,7.4,0,0,944,1,1
208762,0.7,6.4,7.4,0,0,944,1,1
208782,0.7,6.5,7.4,0,0,946,1,1
208802,0.7,6.5,7.5,0,0,944,1,1
208822,0.7,6.4,7.4,0,0,944,1,1
208842,0.7,-0.1,5.4,0,0,946,1,1
208862,-0.1,8.1,8.9,0,0,947,1,1
208882,-0.0,4.6,10.9,0,0,947,1,1
208902,0.6,8.1,8.2,0,0,944,1,1
208922,0.3,6.1,8.9,0,0,946,1,1
208942,0.3,3.2,5.9,0,0,946,1,1
208962,0.6,6.3,8.9,0,0,945,1,1
208982,0.9,6.8,5.2,0,0,945,1,1
209002,0.7,6.4,6.8,0,0,944,1,1
209022,0.6,6.6,8.5,0,0,946,1,1
209042,0.8,6.5,6.8,0,0,947,1,1
209062,0.7,6.3,7.8,0,0,943,1,1
209082,0.7,6.5,7.3,0,0,943,1,1
209102,0.7,6.3,7.4,0,0,945,1,1
209122,0.7,6.6,7.7,0,0,944,1,1
209142,0.7,6.5,7.5,0,0,946,1,1
209162,0.7,6.4,7.3,0,0,948,1,1
209182,0.7,6.5,7.4,0,0,945,1,1
209202,0.7,6.4,7.4,0,0,945,1,1
209222,0.7,6.4,7.5,0,0,945,1,1
209242,0.7,6.4,7.4,0,0,945,1,1
209262,0.7,6.4,7.4,0,0,948,1,1
209282,0.7,6.4,7.4,0,0,945,1,1
209302,0.7,6.4,7.4,0,0,944,1,1
209322,0.7,6.5,7.4,0,0,946,1,1
209342,0.7,6.5,7.4,0,0,943,1,1
209362,0.7,6.4,7.4,0,0,947,1,1
209382,0.7,6.4,7.4,0,0,945,1,1
209402,0.7,6.4,7.4,0,0,946,1,1
209422,0.7,6.5,7.4,0,0,948,1,1
209442,0.7,6.5,7.4,0,0,946,1,1
209462,0.7,6.5,7.4,0,0,947,1,1
209482,0.7,6.4,7.4,0,0,946,1,1
209502,0.7,6.4,7.4,0,0,948,1,1
209522,0.7,6.4,7.4,0,0,945,1,1
209542,0.7,6.5,7.4,0,0,946,1,1
209562,0.7,6.5,7.4,0,0,946,1,1
209582,0.7,6.4,7.4,0,0,948,1,1
209602,0.7,6.5,7.4,0,0,946,1,1
209622,0.7,6.5,7.4,0,0,943,1,1
209642,0.7,6.4,7.4,0,0,944,1,1
209662,0.7,6.4,7.4,0,0,945,1,1
209682,0.7,6.4,7.4,0,0,945,1,1
209702,0.7,6.4,7.4,0,0,947,1,1
209722,0.7,6.4,7.4,0,0,944,1,1
209742,0.7,6.4,7.4,0,0,946,1,1
209762,0.7,6.4,7.4,0,0,944,1,1
209782,0.7,6.4,7.4,0,0,947,1,1
209802,0.7,6.4,7.4,0,0,945,1,1
209822,0.7,6.4,7.4,0,0,946,1,1
209842,0.7,6.4,7.4,0,0,945,1,1
209862,0.7,6.4,7.4,0,0,945,1,1
209882,0.7,6.5,7.4,0,0,945,1,1
209902,0.7,6.4,7.4,0,0,944,1,1
209922,0.7,6.4,7.4,0,0,946,1,1
209942,0.7,6.4,7.4,0,0,945,1,1
209962,0.7,6.5,7.3,0,0,945,1,1
209982,0.7,6.4,7.4,0,0,946,1,1
210002,2.6,15.4,3.7,0,0,946,1,1
210022,0.8,7.1,6.8,0,0,944,1,1
210042,1.2,7.2,7.1,0,0,945,1,1
210062,0.2,5.0,13.4,0,0,946,1,1
210082,1.2,3.5,3.3,0,0,947,1,1
210102,0.2,6.7,10.7,0,0,945,1,1
210122,0.7,6.9,7.0,0,0,944,1,1
210142,0.8,6.7,5.9,0,0,945,1,1
210162,0.6,6.5,9.2,0,0,943,1,1
210182,0.7,6.3,6.5,0,0,944,1,1
210202,0.7,6.6,7.8,0,0,945,1,1
210222,0.7,6.5,7.4,0,0,946,1,1
210242,0.7,6.4,7.3,0,0,947,1,1
210262,0.7,6.6,7.6,0,0,947,1,1
210282,0.7,6.4,7.3,0,0,944,1,1
210302,0.7,6.4,7.4,0,0,945,1,1
210322,0.7,6.5,7.4,0,0,944,1,1
210342,0.7,6.4,7.4,0,0,947,1,1
210362,0.7,6.4,7.4,0,0,945,1,1
210382,0.7,6.4,7.5,0,0,944,1,1
210402,0.7,6.4,7.4,0,0,944,1,1
210422,0.7,6.4,7.4,0,0,944,1,1
210442,0.7,6.4,7.4,0,0,942,1,1
210462,0.7,6.5,7.4,0,0,945,1,1
210482,0.7,6.5,7.4,0,0,944,1,1
210502,0.7,6.4,7.4,0,0,948,1,1
210522,0.7,6.5,7.4,0,0,948,1,1
210542,0.7,6.4,7.4,0,0,946,1,1
210562,0.7,6.5,7.4,0,0,947,1,1
210582,0.7,6.5,7.4,0,0,946,1,1
210602,0.7,6.4,7.4,0,0,946,1,1
210622,0.7,6.5,7.4,0,0,944,1,1
210642,0.7,6.4,7.5,0,0,944,1,1
210662,0.7,6.4,7.4,0,0,946,1,1
210682,0.7,6.4,7.4,0,0,944,1,1
210702,0.7,6.4,7.4,0,0,945,1,1
210722,0.7,6.4,7.4,0,0,944,1,1
210742,0.7,6.4,7.4,0,0,944,1,1
210762,0.7,6.5,7.4,0,0,944,1,1
210782,0.7,6.5,7.4,0,0,946,1,1
210802,0.7,6.5,7.4,0,0,945,1,1
210822,0.7,6.4,7.4,0,0,948,1,1
210842,0.7,6.4,7.4,0,0,946,1,1
210862,0.7,6.4,7.4,0,0,945,1,1
210882,0.7,6.4,7.4,0,0,946,1,1
210902,0.7,6.4,7.4,0,0,945,1,1
210922,0.7,6.5,7.4,0,0,946,1,1
210942,0.7,6.4,7.4,0,0,947,1,1
210962,0.7,6.4,7.4,0,0,943,1,1
210982,0.7,6.4,7.4,0,0,945,1,1
211002,0.7,6.5,7.4,0,0,946,1,1
211022,0.7,6.5,7.4,0,0,946,1,1
211042,0.7,6.4,7.4,0,0,947,1,1
211062,0.7,6.4,7.4,0,0,946,1,1
211082,0.7,6.4,7.4,0,0,946,1,1
211102,0.7,6.5,7.4,0,0,945,1,1
211122,0.7,6.5,7.4,0,0,945,1,1
211142,0.7,6.4,7.4,0,0,945,1,1
211162,0.7,6.4,7.4,0,0,943,1,1
211182,0.7,6.5,7.4,0,0,946,1,1
211202,0.7,6.4,7.4,0,0,944,1,1
211222,0.7,6.5,7.4,0,0,946,1,1
211242,0.7,6.5,7.4,0,0,943,1,1
211262,0.7,6.4,7.4,0,0,945,1,1
211282,0.7,6.5,7.4,0,0,943,1,1
211302,0.7,6.5,7.4,0,0,947,1,1
211322,0.7,6.5,7.4,0,0,948,1,1
211342,0.7,6.4,7.4,0,0,946,1,1
211362,-0.4,-20.4,-6.2,0,0,944,1,1
211382,0.3,16.7,7.9,0,0,945,1,1
211402,0.3,8.2,8.9,0,0,947,1,1
211422,0.3,5.4,13.4,0,0,946,1,1
211442,0.6,3.6,2.3,0,0,946,1,1
211462,0.3,5.6,10.8,0,0,945,1,1
211482,0.6,7.2,9.4,0,0,945,1,1
211502,0.9,7.2,5.9,0,0,943,1,1
211522,0.5,6.4,11.0,0,0,944,1,1
211542,0.7,6.4,7.0,0,0,945,1,1
211562,0.7,6.3,7.1,0,0,944,1,1
211582,0.7,6.5,7.5,0,0,948,1,1
211602,0.7,6.4,7.4,0,0,946,1,1
211622,0.7,6.4,7.3,0,0,944,1,1
211642,0.7,6.4,7.3,0,0,946,1,1
211662,0.6,6.4,7.4,0,0,946,1,1
211682,0.7,6.5,7.4,0,0,945,1,1
211702,0.7,6.4,7.4,0,0,943,1,1
211722,0.7,6.5,7.4,0,0,945,1,1
211742,0.7,6.4,7.4,0,0,947,1,1
211762,0.7,6.4,7.4,0,0,947,1,1
211782,0.7,6.4,7.4,0,0,944,1,1
211802,0.7,6.5,7.4,0,0,945,1,1
211822,0.7,6.5,7.4,0,0,944,1,1
211842,0.7,6.5,7.4,0,0,948,1,1
211862,0.7,6.5,7.4,0,0,947,1,1
211882,0.7,6.5,7.4,0,0,946,1,1
211902,0.7,6.5,7.4,0,0,944,1,1
211922,0.7,6.4,7.4,0,0,946,1,1
211942,0.7,6.5,7.4,0,0,946,1,1
211962,0.7,6.5,7.4,0,0,947,1,1
211982,0.7,6.5,7.4,0,0,947,1,1
212002,0.7,6.4,7.4,0,0,944,1,1
212022,0.7,6.4,7.4,0,0,945,1,1
212042,0.7,6.5,7.4,0,0,943,1,1
212062,0.7,6.5,7.4,0,0,944,1,1
212082,0.7,6.4,7.4,0,0,946,1,1
212102,0.7,6.4,7.4,0,0,943,1,1
212122,0.7,6.4,7.4,0,0,947,1,1
212142,0.7,6.5,7.4,0,0,947,1,1
212162,0.7,6.4,7.4,0,0,946,1,1
212182,0.7,6.4,7.4,0,0,945,1,1
212202,0.7,6.4,7.4,0,0,946,1,1
212222,0.7,6.5,7.4,0,0,945,1,1
212242,0.7,6.4,7.4,0,0,945,1,1
212262,0.7,6.5,7.4,0,0,945,1,1
212282,0.7,6.5,7.4,0,0,946,1,1
212302,0.7,6.4,7.4,0,0,945,1,1
212322,0.7,6.5,7.4,0,0,945,1,1
212342,0.7,6.5,7.4,0,0,946,1,1
212362,0.7,6.4,7.4,0,0,945,1,1
212382,0.7,6.5,7.4,0,0,948,1,1
212402,0.7,6.5,7.4,0,0,946,1,1
212422,0.7,6.5,7.4,0,0,946,1,1
212442,0.7,6.5,7.4,0,0,946,1,1
212462,0.7,6.4,7.4,0,0,944,1,1
212482,0.7,6.4,7.4,0,0,945,1,1
212502,0.7,6.4,7.4,0,0,945,1,1
212522,0.7,6.5,7.4,0,0,946,1,1
212542,0.7,6.4,7.4,0,0,946,1,1
212562,0.7,6.4,7.4,0,0,944,1,1
212582,0.7,6.4,7.4,0,0,944,1,1
212602,0.7,6.4,7.4,0,0,944,1,1
212622,0.7,6.5,7.4,0,0,944,1,1
212642,-0.6,-1.3,5.6,0,0,949,1,1
212662,0.2,13.7,8.1,0,0,946,1,1
212682,0.6,6.8,6.1,0,0,946,1,1
212702,0.7,7.2,8.5,0,0,946,1,1
212722,0.5,4.6,6.7,0,0,944,1,1
212742,0.7,1.8,3.8,0,0,945,1,1
212762,0.0,6.4,11.3,0,0,946,1,1
212782,0.7,6.8,6.0,0,0,944,1,1
212802,0.9,7.0,6.1,0,0,945,1,1
212822,0.6,6.5,8.9,0,0,947,1,1
212842,0.8,5.9,5.7,0,0,944,1,1
212862,0.7,6.4,7.9,0,0,947,1,1
212882,0.7,6.6,7.6,0,0,945,1,1
212902,0.7,6.2,7.3,0,0,947,1,1
212922,0.7,6.6,7.7,0,0,945,1,1
212942,0.7,6.5,7.4,0,0,947,1,1
212962,0.7,6.3,7.4,0,0,945,1,1
212982,0.7,6.4,7.5,0,0,945,1,1
213002,0.7,6.4,7.4,0,0,945,1,1
213022,0.7,6.5,7.5,0,0,946,1,1
213042,0.7,6.4,7.4,0,0,945,1,1
213062,0.7,6.4,7.4,0,0,944,1,1
213082,0.7,6.4,7.5,0,0,944,1,1
213102,0.6,6.4,7.5,0,0,943,1,1
213122,0.7,6.4,7.5,0,0,945,1,1
213142,0.7,6.4,7.5,0,0,945,1,1
213162,0.7,6.4,7.5,0,0,945,1,1
213182,0.7,6.4,7.4,0,0,948,1,1
213202,0.7,6.4,7.4,0,0,946,1,1
213222,0.7,6.4,7.5,0,0,946,1,1
213242,0.7,6.4,7.4,0,0,945,1,1
213262,0.7,6.4,7.4,0,0,945,1,1
213282,0.7,6.4,7.5,0,0,944,1,1
213302,0.7,6.4,7.4,0,0,946,1,1
213322,0.7,6.4,7.4,0,0,946,1,1
213342,0.7,6.4,7.4,0,0,946,1,1
213362,0.7,6.4,7.4,0,0,943,1,1
213382,0.7,6.4,7.5,0,0,945,1,1
213402,0.7,6.4,7.5,0,0,946,1,1
213422,0.7,6.4,7.4,0,0,947,1,1
213442,0.7,6.4,7.4,0,0,947,1,1
213462,0.7,6.4,7.5,0,0,945,1,1
213482,0.7,6.4,7.4,0,0,944,1,1
213502,0.7,6.4,7.5,0,0,946,1,1
213522,0.7,6.4,7.5,0,0,947,1,1
213542,0.7,6.4,7.4,0,0,947,1,1
213562,0.7,6.4,7.4,0,0,945,1,1
213582,0.7,6.4,7.4,0,0,946,1,1
213602,0.7,6.4,7.5,0,0,943,1,1
213622,0.7,6.4,7.4,0,0,943,1,1
213642,0.7,6.4,7.4,0,0,945,1,1
213662,0.7,6.4,7.4,0,0,943,1,1
213682,0.7,6.4,7.4,0,0,946,1,1
213702,0.7,6.4,7.5,0,0,949,1,1
213722,0.7,6.4,7.4,0,0,948,1,1
213742,0.7,6.4,7.5,0,0,946,1,1
213762,0.7,6.4,7.5,0,0,945,1,1
213782,0.7,6.4,7.5,0,0,945,1,1
213802,0.7,6.4,7.4,0,0,944,1,1
213822,0.7,6.4,7.4,0,0,946,1,1
213842,-0.8,-6.2,4.0,0,0,947,1,1
213862,0.3,18.0,8.4,0,0,945,1,1
213882,1.5,5.3,10.6,0,0,946,1,1
213902,0.5,6.5,14.6,0,0,945,1,1
213922,-0.2,3.2,2.6,0,0,944,1,1
213942,0.4,4.6,8.5,0,0,947,1,1
213962,0.4,7.6,11.9,0,0,947,1,1
213982,0.9,6.7,4.1,0,0,947,1,1
214002,0.6,6.4,9.5,0,0,947,1,1
214022,0.7,6.5,7.7,0,0,945,1,1
214042,0.8,6.2,6.1,0,0,945,1,1
214062,0.6,6.5,8.4,0,0,945,1,1
214082,0.7,6.3,7.1,0,0,946,1,1
214102,0.7,6.6,7.6,0,0,947,1,1
214122,0.7,6.5,7.5,0,0,944,1,1
214142,0.6,6.4,7.4,0,0,944,1,1
214162,0.7,6.5,7.4,0,0,943,1,1
214182,0.7,6.5,7.5,0,0,944,1,1
214202,0.7,6.4,7.4,0,0,944,1,1
214222,0.7,6.4,7.5,0,0,945,1,1
214242,0.7,6.4,7.4,0,0,947,1,1
214262,0.7,6.4,7.4,0,0,945,1,1
214282,0.7,6.4,7.4,0,0,946,1,1
214302,0.7,6.4,7.4,0,0,945,1,1
214322,0.7,6.4,7.4,0,0,946,1,1
214342,0.7,6.4,7.5,0,0,947,1,1
214362,0.7,6.4,7.4,0,0,943,1,1
214382,0.7,6.4,7.4,0,0,946,1,1
214402,0.7,6.4,7.4,0,0,945,1,1
214422,0.7,6.4,7.4,0,0,944,1,1
214442,0.7,6.4,7.5,0,0,957,1,1
214462,0.7,6.4,7.4,0,0,945,1,1
214482,0.7,6.4,7.4,0,0,946,1,1
214502,0.7,6.4,7.5,0,0,944,1,1
214522,0.7,6.5,7.4,0,0,947,1,1
214542,0.7,6.4,7.4,0,0,946,1,1
214562,0.7,6.4,7.4,0,0,946,1,1
214582,0.7,6.4,7.4,0,0,946,1,1
214602,0.7,6.4,7.5,0,0,945,1,1
214622,0.7,6.4,7.4,0,0,947,1,1
214642,0.7,6.4,7.4,0,0,945,1,1
214662,0.7,6.4,7.4,0,0,946,1,1
214682,0.7,6.4,7.4,0,0,945,1,1
214702,0.7,6.4,7.4,0,0,944,1,1
214722,0.7,6.4,7.5,0,0,944,1,1
214742,0.7,6.4,7.4,0,0,946,1,1
214762,0.7,6.4,7.4,0,0,948,1,1
214782,0.7,6.4,7.4,0,0,947,1,1
214802,0.7,6.4,7.4,0,0,946,1,1
214822,0.7,6.4,7.4,0,0,947,1,1
214842,0.7,6.4,7.4,0,0,948,1,1
214862,0.7,6.4,7.4,0,0,945,1,1
214882,0.7,6.4,7.4,0,0,947,1,1
214902,0.7,6.4,7.4,0,0,946,1,1
214922,0.7,6.4,7.4,0,0,946,1,1
214942,0.7,6.4,7.4,0,0,946,1,1
214962,0.7,6.4,7.4,0,0,946,1,1
214982,0.7,6.4,7.4,0,0,942,1,1
215002,0.7,6.4,7.4,0,0,947,1,1
215022,0.7,6.4,7.5,0,0,944,1,1
215042,0.7,6.4,7.4,0,0,947,1,1
215062,0.7,6.4,7.4,0,0,944,1,1
215082,0.7,6.4,7.4,0,0,946,1,1
215102,0.7,6.4,7.4,0,0,945,1,1
215122,-0.4,18.0,25.5,0,0,946,1,1
215142,1.6,10.2,5.2,0,0,945,1,1
215162,1.9,7.3,7.1,0,0,947,1,1
215182,-0.5,3.2,2.1,0,0,947,1,1
215202,0.8,4.5,8.1,0,0,946,1,1
215222,0.6,7.2,9.9,0,0,945,1,1
215242,0.8,7.6,5.0,0,0,943,1,1
215262,0.6,6.5,8.3,0,0,946,1,1
215282,0.6,6.4,7.6,0,0,944,1,1
215302,0.7,6.1,6.6,0,0,945,1,1
215322,0.7,6.4,7.4,0,0,948,1,1
215342,0.7,6.3,7.1,0,0,947,1,1
215362,0.7,6.6,7.8,0,0,945,1,1
215382,0.7,6.6,7.6,0,0,946,1,1
215402,0.7,6.1,7.2,0,0,948,1,1
215422,0.7,6.6,7.6,0,0,948,1,1
215442,0.7,6.5,7.4,0,0,945,1,1
215462,0.7,6.4,7.4,0,0,944,1,1
215482,0.7,6.5,7.4,0,0,946,1,1
215502,0.7,6.4,7.4,0,0,942,1,1
215522,0.7,6.4,7.4,0,0,945,1,1
215542,0.7,6.4,7.4,0,0,945,1,1
215562,0.7,6.4,7.4,0,0,944,1,1
215582,0.7,6.4,7.4,0,0,949,1,1
215602,0.7,6.4,7.5,0,0,945,1,1
215622,0.7,6.4,7.4,0,0,944,1,1
215642,0.7,6.4,7.5,0,0,945,1,1
215662,0.7,6.4,7.4,0,0,946,1,1
215682,0.7,6.4,7.4,0,0,944,1,1
215702,0.7,6.4,7.4,0,0,947,1,1
215722,0.7,6.4,7.4,0,0,945,1,1
215742,0.7,6.4,7.4,0,0,944,1,1
215762,0.7,6.4,7.5,0,0,945,1,1
215782,0.7,6.4,7.4,0,0,944,1,1
215802,0.7,6.4,7.5,0,0,946,1,1
215822,0.7,6.4,7.4,0,0,946,1,1
215842,0.7,6.4,7.4,0,0,947,1,1
215862,0.7,6.4,7.4,0,0,945,1,1
215882,0.7,6.4,7.4,0,0,946,1,1
215902,0.7,6.4,7.4,0,0,947,1,1
215922,0.7,6.4,7.5,0,0,946,1,1
215942,0.7,6.4,7.5,0,0,947,1,1
215962,0.7,6.4,7.4,0,0,945,1,1
215982,0.7,6.4,7.4,0,0,946,1,1
216002,0.7,6.4,7.4,0,0,943,1,1
216022,0.7,6.4,7.5,0,0,945,1,1
216042,0.7,6.4,7.4,0,0,944,1,1
216062,0.7,6.4,7.4,0,0,946,1,1
216082,0.7,6.4,7.4,0,0,945,1,1
216102,0.7,6.4,7.4,0,0,948,1,1
216122,0.7,6.4,7.4,0,0,948,1,1
216142,0.7,6.4,7.5,0,0,945,1,1
216162,0.7,6.4,7.4,0,0,946,1,1
216182,0.7,6.4,7.4,0,0,946,1,1
216202,0.7,6.4,7.4,0,0,943,1,1
216222,0.7,6.4,7.5,0,0,948,1,1
216242,0.7,6.4,7.4,0,0,945,1,1
216262,0.7,6.4,7.5,0,0,947,1,1
216282,0.7,6.4,7.4,0,0,946,1,1
216302,0.7,6.5,7.6,0,0,943,1,1
216322,0.7,6.5,7.4,0,0,942,1,1
216342,0.7,6.7,7.3,0,0,944,1,1
216362,0.8,-18.1,-23.6,0,0,946,1,1
216382,2.0,7.8,6.8,0,0,947,1,1
216402,1.2,8.4,7.8,0,0,946,1,1
216422,1.0,5.0,6.4,0,0,946,1,1
216442,0.8,6.3,7.4,0,0,946,1,1
216462,0.7,5.6,5.7,0,0,945,1,1
216482,0.7,6.7,6.3,0,0,944,1,1
216502,0.6,7.0,8.6,0,0,945,1,1
216522,0.7,6.1,7.1,0,0,946,1,1
216542,0.7,6.2,7.2,0,0,945,1,1
216562,0.7,6.0,6.7,0,0,947,1,1
216582,0.7,6.1,7.0,0,0,943,1,1
216602,0.7,6.7,7.5,0,0,946,1,1
216622,0.7,6.5,7.5,0,0,945,1,1
216642,0.7,6.4,7.5,0,0,945,1,1
216662,0.7,6.6,7.5,0,0,947,1,1
216682,0.7,6.3,7.1,0,0,946,1,1
216702,0.7,6.4,7.3,0,0,945,1,1
216722,0.7,6.5,7.4,0,0,947,1,1
216742,0.7,6.4,7.4,0,0,947,1,1
216762,0.7,6.5,7.4,0,0,946,1,1
216782,0.7,6.5,7.4,0,0,946,1,1
216802,0.7,6.4,7.4,0,0,948,1,1
216822,0.7,6.4,7.5,0,0,945,1,1
216842,0.7,6.4,7.4,0,0,946,1,1
216862,0.7,6.4,7.4,0,0,945,1,1
216882,0.7,6.5,7.4,0,0,945,1,1
216902,0.7,6.4,7.4,0,0,946,1,1
216922,0.7,6.4,7.4,0,0,947,1,1
216942,0.7,6.4,7.5,0,0,950,1,1
216962,0.7,6.4,7.4,0,0,948,1,1
216982,0.7,6.4,7.4,0,0,945,1,1
217002,0.7,6.4,7.4,0,0,946,1,1
217022,0.7,6.4,7.4,0,0,945,1,1
217042,0.7,6.4,7.5,0,0,947,1,1
217062,0.7,6.4,7.4,0,0,948,1,1
217082,0.7,6.4,7.4,0,0,947,1,1
217102,0.7,6.4,7.4,0,0,947,1,1
217122,0.7,6.4,7.4,0,0,944,1,1
217142,0.7,6.4,7.4,0,0,945,1,1
217162,0.7,6.4,7.4,0,0,946,1,1
217182,0.7,6.4,7.4,0,0,944,1,1
217202,0.7,6.4,7.4,0,0,948,1,1
217222,0.7,6.4,7.4,0,0,945,1,1
217242,0.7,6.4,7.4,0,0,947,1,1
217262,0.7,6.5,7.4,0,0,948,1,1
217282,0.7,6.4,7.4,0,0,945,1,1
217302,0.7,6.4,7.4,0,0,946,1,1
217322,0.7,6.4,7.4,0,0,947,1,1
217342,0.7,6.4,7.4,0,0,947,1,1
217362,0.7,6.4,7.4,0,0,946,1,1
217382,0.7,6.4,7.4,0,0,947,1,1
217402,0.7,6.4,7.4,0,0,944,1,1
217422,0.7,6.4,7.4,0,0,944,1,1
217442,0.7,6.4,7.4,0,0,944,1,1
217462,0.7,6.4,7.4,0,0,947,1,1
217482,0.7,6.4,7.4,0,0,949,1,1
217502,0.7,6.5,7.4,0,0,947,1,1
217522,0.7,6.5,7.4,0,0,948,1,1
217542,0.7,6.4,7.4,0,0,947,1,1
217562,0.7,6.4,7.4,0,0,945,1,1
217582,0.7,6.4,7.4,0,0,947,1,1
217602,0.7,6.4,7.4,0,0,946,1,1
217622,0.4,4.5,7.1,0,0,947,1,1
217642,1.1,10.1,6.9,0,0,945,1,1
217662,3.4,9.6,10.0,0,0,944,1,1
217682,-0.5,3.1,5.7,0,0,947,1,1
217702,0.7,3.5,6.1,0,0,946,1,1
217722,0.3,6.0,9.5,0,0,945,1,1
217742,0.6,7.0,6.7,0,0,954,1,1
217762,0.9,7.6,8.8,0,0,947,1,1
217782,0.6,6.1,7.4,0,0,945,1,1
217802,0.7,6.4,7.1,0,0,946,1,1
217822,0.7,6.2,7.2,0,0,945,1,1
217842,0.7,6.0,6.8,0,0,948,1,1
217862,0.7,6.7,7.8,0,0,945,1,1
217882,0.7,6.5,7.5,0,0,946,1,1
217902,0.7,6.3,7.2,0,0,946,1,1
217922,0.7,6.5,7.5,0,0,944,1,1
217942,0.7,6.4,7.4,0,0,946,1,1
217962,0.7,6.3,7.4,0,0,945,1,1
217982,0.7,6.4,7.4,0,0,946,1,1
218002,0.7,6.4,7.4,0,0,948,1,1
218022,0.7,6.5,7.5,0,0,945,1,1
218042,0.7,6.4,7.4,0,0,945,1,1
218062,0.7,6.4,7.5,0,0,948,1,1
218082,0.7,6.4,7.4,0,0,947,1,1
218102,0.7,6.4,7.4,0,0,946,1,1
218122,0.7,6.4,7.4,0,0,946,1,1
218142,0.7,6.4,7.4,0,0,947,1,1
218162,0.7,6.4,7.4,0,0,947,1,1
218182,0.7,6.4,7.4,0,0,947,1,1
218202,0.7,6.4,7.4,0,0,943,1,1
218222,0.7,6.4,7.4,0,0,945,1,1
218242,0.7,6.4,7.4,0,0,946,1,1
218262,0.7,6.4,7.4,0,0,947,1,1
218282,0.7,6.4,7.4,0,0,948,1,1
218302,0.7,6.5,7.4,0,0,947,1,1
218322,0.7,6.4,7.4,0,0,945,1,1
218342,0.7,6.4,7.4,0,0,948,1,1
218362,0.7,6.4,7.4,0,0,947,1,1
218382,0.7,6.4,7.4,0,0,947,1,1
218402,0.7,6.4,7.4,0,0,946,1,1
218422,0.7,6.5,7.4,0,0,947,1,1
218442,0.7,6.4,7.4,0,0,946,1,1
218462,0.7,6.4,7.4,0,0,947,1,1
218482,0.7,6.4,7.4,0,0,944,1,1
218502,0.7,6.4,7.4,0,0,946,1,1
218522,0.7,6.5,7.4,0,0,946,1,1
218542,0.7,6.4,7.4,0,0,946,1,1
218562,0.7,6.5,7.4,0,0,946,1,1
218582,0.7,6.4,7.4,0,0,948,1,1
218602,0.7,6.4,7.5,0,0,945,1,1
218622,0.7,6.4,7.4,0,0,945,1,1
218642,0.7,6.5,7.4,0,0,946,1,1
218662,0.7,6.4,7.4,0,0,947,1,1
218682,0.7,6.4,7.4,0,0,946,1,1
218702,0.7,6.4,7.4,0,0,947,1,1
218722,0.7,6.4,7.4,0,0,945,1,1
218742,0.7,6.4,7.4,0,0,945,1,1
218762,0.7,6.5,7.4,0,0,944,1,1
218782,0.7,6.4,7.4,0,0,943,1,1
218802,0.7,6.4,7.4,0,0,945,1,1
218822,0.7,6.4,7.4,0,0,948,1,1
218842,0.7,6.4,7.4,0,0,947,1,1
218862,0.7,6.5,7.4,0,0,948,1,1
218882,7.8,0.0,18.7,0,0,945,1,1
218902,2.3,10.9,9.5,0,0,946,1,1
218922,1.0,6.9,7.5,0,0,945,1,1
218942,0.7,3.7,6.3,0,0,945,1,1
218962,1.3,4.1,6.3,0,0,946,1,1
218982,0.6,6.2,9.6,0,0,946,1,1
219002,0.7,6.9,4.8,0,0,945,1,1
219022,0.7,6.6,7.5,0,0,943,1,1
219042,0.7,6.6,7.8,0,0,945,1,1
219062,0.7,6.3,6.8,0,0,946,1,1
219082,0.7,6.3,7.3,0,0,944,1,1
219102,0.7,6.3,7.3,0,0,949,1,1
219122,0.7,6.5,7.5,0,0,948,1,1
219142,0.7,6.3,7.4,0,0,947,1,1
219162,0.7,6.4,7.5,0,0,945,1,1
219182,0.7,6.4,7.5,0,0,945,1,1
219202,0.7,6.4,7.4,0,0,946,1,1
219222,0.7,6.4,7.5,0,0,946,1,1
219242,0.7,6.4,7.5,0,0,945,1,1
219262,0.7,6.4,7.4,0,0,945,1,1
219282,0.7,6.4,7.4,0,0,945,1,1
219302,0.7,6.4,7.4,0,0,945,1,1
219322,0.7,6.4,7.4,0,0,944,1,1
219342,0.7,6.4,7.4,0,0,944,1,1
219362,0.7,6.4,7.4,0,0,944,1,1
219382,0.7,6.4,7.5,0,0,947,1,1
219402,0.7,6.4,7.4,0,0,945,1,1
219422,0.7,6.4,7.4,0,0,945,1,1
219442,0.7,6.4,7.4,0,0,944,1,1
219462,0.7,6.4,7.4,0,0,945,1,1
219482,0.7,6.4,7.4,0,0,945,1,1
219502,0.7,6.4,7.5,0,0,946,1,1
219522,0.7,6.4,7.4,0,0,945,1,1
219542,0.7,6.4,7.4,0,0,945,1,1
219562,0.7,6.4,7.4,0,0,946,1,1
219582,0.7,6.4,7.4,0,0,943,1,1
219602,0.7,6.4,7.4,0,0,944,1,1
219622,0.7,6.4,7.4,0,0,940,1,1
219642,0.7,6.4,7.5,0,0,946,1,1
219662,0.7,6.4,7.4,0,0,948,1,1
219682,0.7,6.4,7.4,0,0,943,1,1
219702,0.7,6.4,7.4,0,0,944,1,1
219722,0.7,6.4,7.4,0,0,945,1,1
219742,0.7,6.4,7.4,0,0,945,1,1
219762,0.7,6.4,7.4,0,0,946,1,1
219782,0.7,6.4,7.4,0,0,947,1,1
219802,0.7,6.4,7.4,0,0,946,1,1
219822,0.7,6.4,7.5,0,0,944,1,1
219842,0.7,6.4,7.4,0,0,945,1,1
219862,0.7,6.5,7.4,0,0,943,1,1
219882,0.7,6.4,7.4,0,0,945,1,1
219902,0.7,6.4,7.4,0,0,944,1,1
219922,0.7,6.4,7.5,0,0,946,1,1
219942,0.7,6.4,7.4,0,0,946,1,1
219962,0.7,6.4,7.4,0,0,944,1,1
219982,0.7,6.4,7.4,0,0,945,1,1
220002,0.7,6.4,7.4,0,0,946,1,1
220022,0.7,6.4,7.5,0,0,946,1,1
220042,0.7,6.4,7.4,0,0,947,1,1
220062,0.7,6.5,7.4,0,0,946,1,1
220082,0.7,6.4,7.4,0,0,946,1,1
220102,1.8,14.9,23.0,0,0,944,1,1
220122,1.7,11.3,4.0,0,0,945,1,1
220142,0.2,3.9,4.8,0,0,944,1,1
220162,0.4,2.6,7.7,0,0,944,1,1
220182,0.6,6.2,8.9,0,0,945,1,1
220202,0.8,6.9,5.6,0,0,947,1,1
220222,0.4,6.2,9.3,0,0,948,1,1
220242,0.7,6.2,7.3,0,0,946,1,1
220262,0.7,6.4,7.5,0,0,944,1,1
220282,0.7,6.6,7.6,0,0,947,1,1
220302,0.7,6.3,7.2,0,0,945,1,1
220322,0.7,6.5,7.6,0,0,948,1,1
220342,0.6,6.5,7.6,0,0,947,1,1
220362,0.6,6.3,7.2,0,0,946,1,1
220382,0.7,6.5,7.5,0,0,946,1,1
220402,0.7,6.4,7.4,0,0,942,1,1
220422,0.7,6.4,7.4,0,0,945,1,1
220442,0.7,6.4,7.5,0,0,945,1,1
220462,0.7,6.4,7.4,0,0,945,1,1
220482,0.7,6.5,7.4,0,0,948,1,1
220502,0.7,6.5,7.4,0,0,947,1,1
220522,0.7,6.4,7.4,0,0,945,1,1
220542,0.7,6.4,7.4,0,0,947,1,1
220562,0.7,6.4,7.4,0,0,945,1,1
220582,0.7,6.4,7.4,0,0,947,1,1
220602,0.7,6.4,7.4,0,0,944,1,1
220622,0.7,6.4,7.4,0,0,944,1,1
220642,0.7,6.5,7.4,0,0,945,1,1
220662,0.7,6.4,7.4,0,0,946,1,1
220682,0.7,6.4,7.4,0,0,943,1,1
220702,0.7,6.4,7.4,0,0,943,1,1
220722,0.7,6.4,7.4,0,0,946,1,1
220742,0.7,6.5,7.4,0,0,948,1,1
220762,0.7,6.5,7.4,0,0,948,1,1
220782,0.7,6.4,7.4,0,0,948,1,1
220802,0.7,6.4,7.4,0,0,947,1,1
220822,0.7,6.4,7.4,0,0,947,1,1
220842,0.7,6.4,7.4,0,0,946,1,1
220862,0.7,6.5,7.4,0,0,944,1,1
220882,0.7,6.5,7.4,0,0,945,1,1
220902,0.7,6.4,7.4,0,0,944,1,1
220922,0.7,6.4,7.4,0,0,945,1,1
220942,0.7,6.4,7.4,0,0,945,1,1
220962,0.7,6.4,7.4,0,0,944,1,1
220982,0.7,6.4,7.4,0,0,944,1,1
221002,0.7,6.5,7.4,0,0,946,1,1
221022,0.7,6.4,7.4,0,0,948,1,1
221042,0.7,6.5,7.4,0,0,946,1,1
221062,0.7,6.4,7.4,0,0,945,1,1
221082,0.7,6.4,7.4,0,0,945,1,1
221102,0.7,6.4,7.4,0,0,946,1,1
221122,0.7,6.4,7.4,0,0,947,1,1
221142,0.7,6.4,7.4,0,0,945,1,1
221162,0.7,6.4,7.4,0,0,945,1,1
221182,0.7,6.4,7.4,0,0,947,1,1
221202,0.7,6.4,7.4,0,0,946,1,1
221222,0.7,6.4,7.4,0,0,943,1,1
221242,0.7,6.4,7.4,0,0,945,1,1
221262,0.7,6.4,7.4,0,0,945,1,1
221282,0.7,6.4,7.4,0,0,944,1,1
221302,0.7,6.4,7.4,0,0,947,1,1
221322,9.1,17.5,27.8,0,0,946,1,1
221342,1.7,12.4,12.6,0,0,945,1,1
221362,2.2,9.3,5.8,0,0,947,1,1
221382,-0.4,4.2,8.1,0,0,946,1,1
221402,1.4,1.9,5.6,0,0,944,1,1
221422,0.0,5.9,11.2,0,0,946,1,1
221442,0.6,7.9,8.7,0,0,947,1,1
221462,0.9,6.7,4.7,0,0,944,1,1
221482,0.6,6.7,9.0,0,0,945,1,1
221502,0.8,5.9,6.2,0,0,945,1,1
221522,0.8,6.2,7.1,0,0,946,1,1
221542,0.7,6.9,8.0,0,0,945,1,1
221562,0.7,6.4,7.4,0,0,948,1,1
221582,0.7,6.5,7.7,0,0,947,1,1
221602,0.7,6.4,7.2,0,0,946,1,1
221622,0.7,6.5,7.5,0,0,947,1,1
221642,0.7,6.5,7.5,0,0,946,1,1
221662,0.7,6.4,7.4,0,0,946,1,1
221682,0.7,6.4,7.4,0,0,945,1,1
221702,0.7,6.4,7.5,0,0,946,1,1
221722,0.7,6.4,7.4,0,0,946,1,1
221742,0.7,6.4,7.4,0,0,947,1,1
221762,0.7,6.4,7.4,0,0,943,1,1
221782,0.7,6.4,7.5,0,0,945,1,1
221802,0.7,6.4,7.4,0,0,945,1,1
221822,0.7,6.4,7.4,0,0,944,1,1
221842,0.7,6.4,7.4,0,0,949,1,1
221862,0.7,6.4,7.4,0,0,947,1,1
221882,0.7,6.4,7.5,0,0,945,1,1
221902,0.7,6.4,7.5,0,0,945,1,1
221922,0.7,6.4,7.4,0,0,946,1,1
221942,0.7,6.4,7.5,0,0,945,1,1
221962,0.7,6.4,7.5,0,0,945,1,1
221982,0.7,6.4,7.4,0,0,939,1,1
222002,0.7,6.4,7.4,0,0,947,1,1
222022,0.7,6.4,7.4,0,0,944,1,1
222042,0.7,6.4,7.4,0,0,946,1,1
222062,0.7,6.4,7.5,0,0,945,1,1
222082,0.7,6.4,7.4,0,0,945,1,1
222102,0.7,6.4,7.5,0,0,946,1,1
222122,0.7,6.4,7.4,0,0,946,1,1
222142,0.7,6.4,7.4,0,0,946,1,1
222162,0.7,6.4,7.4,0,0,944,1,1
222182,0.7,6.4,7.5,0,0,947,1,1
222202,0.7,6.4,7.4,0,0,945,1,1
222222,0.7,6.4,7.5,0,0,946,1,1
222242,0.7,6.4,7.4,0,0,947,1,1
222262,0.7,6.4,7.4,0,0,945,1,1
222282,0.7,6.4,7.5,0,0,944,1,1
222302,0.7,6.4,7.5,0,0,942,1,1
222322,0.7,6.4,7.4,0,0,944,1,1
222342,0.7,6.4,7.4,0,0,947,1,1
222362,0.7,6.4,7.4,0,0,945,1,1
222382,0.7,6.4,7.5,0,0,948,1,1
222402,0.7,6.4,7.4,0,0,944,1,1
222422,0.7,6.4,7.4,0,0,945,1,1
222442,0.7,6.4,7.4,0,0,946,1,1
222462,0.7,6.4,7.5,0,0,944,1,1
222482,0.7,6.4,7.4,0,0,946,1,1
222502,0.7,6.4,7.4,0,0,946,1,1
222522,0.7,6.4,7.4,0,0,945,1,1
222542,0.7,6.5,7.4,0,0,944,1,1
222562,0.7,6.4,7.4,0,0,944,1,1
222582,1.0,15.3,13.5,0,0,945,1,1
222602,2.9,10.4,6.7,0,0,945,1,1
222622,1.2,6.9,5.5,0,0,946,1,1
222642,0.0,3.3,1.9,0,0,948,1,1
222662,0.6,4.2,7.7,0,0,946,1,1
222682,0.6,7.6,9.8,0,0,945,1,1
222702,0.9,6.1,5.4,0,0,945,1,1
222722,0.6,6.0,7.8,0,0,943,1,1
222742,0.7,6.4,7.7,0,0,946,1,1
222762,0.7,6.5,6.8,0,0,946,1,1
222782,0.7,6.5,7.6,0,0,946,1,1
222802,0.7,6.4,7.5,0,0,945,1,1
222822,0.7,6.4,7.5,0,0,947,1,1
222842,0.7,6.4,7.3,0,0,947,1,1
222862,0.7,6.3,7.4,0,0,948,1,1
222882,0.7,6.4,7.5,0,0,944,1,1
222902,0.7,6.3,7.4,0,0,947,1,1
222922,0.7,6.4,7.5,0,0,948,1,1
222942,0.7,6.4,7.4,0,0,945,1,1
222962,0.7,6.4,7.5,0,0,946,1,1
222982,0.7,6.4,7.5,0,0,944,1,1
223002,0.7,6.4,7.5,0,0,945,1,1
223022,0.7,6.4,7.4,0,0,944,1,1
223042,0.7,6.4,7.4,0,0,945,1,1
223062,0.7,6.4,7.4,0,0,946,1,1
223082,0.7,6.4,7.4,0,0,945,1,1
223102,0.7,6.4,7.4,0,0,943,1,1
223122,0.7,6.4,7.4,0,0,945,1,1
223142,0.7,6.4,7.5,0,0,945,1,1
223162,0.7,6.4,7.4,0,0,944,1,1
223182,0.7,6.4,7.4,0,0,946,1,1
223202,0.7,6.4,7.4,0,0,943,1,1
223222,0.7,6.4,7.4,0,0,945,1,1
223242,0.7,6.4,7.5,0,0,946,1,1
223262,0.7,6.4,7.4,0,0,946,1,1
223282,0.7,6.4,7.5,0,0,946,1,1
223302,0.7,6.4,7.4,0,0,946,1,1
223322,0.7,6.4,7.5,0,0,946,1,1
223342,0.7,6.4,7.4,0,0,944,1,1
223362,0.7,6.4,7.5,0,0,945,1,1
223382,0.7,6.4,7.4,0,0,952,1,1
223402,0.7,6.4,7.4,0,0,946,1,1
223422,0.7,6.4,7.4,0,0,943,1,1
223442,0.7,6.4,7.4,0,0,947,1,1
223462,0.7,6.4,7.4,0,0,946,1,1
223482,0.7,6.4,7.5,0,0,944,1,1
223502,0.7,6.4,7.4,0,0,946,1,1
223522,0.7,6.4,7.5,0,0,945,1,1
223542,0.7,6.4,7.5,0,0,947,1,1
223562,0.7,6.4,7.4,0,0,943,1,1
223582,0.7,6.4,7.4,0,0,947,1,1
223602,0.7,6.4,7.4,0,0,945,1,1
223622,0.7,6.4,7.4,0,0,946,1,1
223642,0.7,6.4,7.5,0,0,942,1,1
223662,0.7,6.4,7.4,0,0,945,1,1
223682,0.7,6.4,7.5,0,0,945,1,1
223702,0.7,6.4,7.4,0,0,946,1,1
223722,0.7,6.4,7.4,0,0,948,1,1
223742,0.7,6.4,7.4,0,0,946,1,1
223762,0.7,6.4,7.4,0,0,945,1,1
223782,-0.1,7.5,8.0,0,0,947,1,1
223802,0.8,4.0,6.1,0,0,947,1,1
223822,0.6,5.8,7.5,0,0,945,1,1
223842,1.3,8.2,7.4,0,0,946,1,1
223862,-1.2,5.7,7.6,2,-1,945,1,1
223882,0.9,4.0,5.0,0,0,945,1,1
223902,0.2,6.2,10.6,0,0,943,1,1
223922,0.8,6.4,5.4,0,0,943,1,1
223942,0.7,6.8,7.7,0,0,946,1,1
223962,0.6,6.6,8.3,0,0,945,1,1
223982,0.7,6.1,7.1,0,0,947,1,1
224002,0.7,6.4,7.5,0,0,946,1,1
224022,0.7,6.4,7.4,0,0,945,1,1
224042,0.7,6.2,7.1,0,0,945,1,1
224062,0.7,6.5,7.8,0,0,946,1,1
224082,0.7,6.5,7.7,0,0,944,1,1
224102,0.7,6.3,7.3,0,0,945,1,1
224122,0.7,6.4,7.5,0,0,945,1,1
224142,0.7,6.4,7.4,0,0,945,1,1
224162,0.7,6.4,7.5,0,0,943,1,1
224182,0.7,6.4,7.5,0,0,945,1,1
224202,0.7,6.4,7.4,0,0,943,1,1
224222,0.7,6.4,7.5,0,0,946,1,1
224242,0.7,6.4,7.4,0,0,945,1,1
224262,0.7,6.4,7.4,0,0,945,1,1
224282,0.7,6.4,7.4,0,0,945,1,1
224302,0.7,6.4,7.4,0,0,946,1,1
224322,0.7,6.4,7.5,0,0,946,1,1
224342,0.7,6.4,7.5,0,0,945,1,1
224362,0.7,6.4,7.4,0,0,945,1,1
224382,0.7,6.4,7.5,0,0,946,1,1
224402,0.7,6.4,7.4,0,0,945,1,1
224422,0.7,6.4,7.5,0,0,943,1,1
224442,0.7,6.4,7.5,0,0,947,1,1
224462,0.7,6.4,7.5,0,0,946,1,1
224482,0.7,6.4,7.4,0,0,945,1,1
224502,0.7,6.4,7.4,0,0,947,1,1
224522,0.7,6.4,7.5,0,0,946,1,1
224542,0.7,6.4,7.5,0,0,947,1,1
224562,0.7,6.4,7.4,0,0,945,1,1
224582,0.7,6.4,7.5,0,0,946,1,1
224602,0.7,6.4,7.5,0,0,944,1,1
224622,0.7,6.4,7.4,0,0,945,1,1
224642,0.7,6.4,7.4,0,0,946,1,1
224662,0.7,6.4,7.4,0,0,944,1,1
224682,0.7,6.4,7.5,0,0,945,1,1
224702,0.7,6.4,7.4,0,0,943,1,1
224722,0.7,6.4,7.5,0,0,946,1,1
224742,0.7,6.4,7.4,0,0,944,1,1
224762,0.7,6.4,7.5,0,0,946,1,1
224782,0.7,6.4,7.4,0,0,945,1,1
224802,0.7,6.4,7.5,0,0,945,1,1
224822,0.7,6.4,7.4,0,0,945,1,1
224842,0.7,6.4,7.4,0,0,947,1,1
224862,0.7,6.4,7.5,0,0,945,1,1
224882,0.7,6.4,7.5,0,0,946,1,1
224902,0.7,6.4,7.5,0,0,947,1,1
224922,0.7,6.4,7.4,0,0,946,1,1
224942,0.7,6.4,7.5,0,0,944,1,1
224962,0.7,6.4,7.5,0,0,943,1,1
224982,0.7,6.4,7.5,0,0,946,1,1
225002,0.7,6.4,7.3,0,0,946,1,1
225022,0.7,6.6,7.9,0,0,944,1,1
225042,9.4,21.2,30.0,0,0,947,1,1
225062,2.8,8.9,12.0,0,0,946,1,1
225082,1.5,8.1,6.7,0,0,947,1,1
225102,0.2,4.2,7.8,0,0,947,1,1
225122,1.0,3.3,6.4,0,0,945,1,1
225142,0.6,6.0,8.5,0,0,946,1,1
225162,0.8,7.0,6.3,0,0,947,1,1
225182,0.6,6.9,8.8,0,0,946,1,1
225202,0.7,6.7,7.6,0,0,943,1,1
225222,0.7,6.2,6.2,0,0,944,1,1
225242,0.7,6.3,7.2,0,0,944,1,1
225262,0.7,6.3,7.2,0,0,945,1,1
225282,0.7,6.6,7.6,0,0,944,1,1
225302,0.7,6.4,7.4,0,0,949,1,1
225322,0.7,6.4,7.4,0,0,947,1,1
225342,0.7,6.4,7.5,0,0,946,1,1
225362,0.7,6.4,7.4,0,0,944,1,1
225382,0.7,6.4,7.4,0,0,946,1,1
225402,0.7,6.4,7.4,0,0,946,1,1
225422,0.7,6.4,7.4,0,0,945,1,1
225442,0.7,6.4,7.4,0,0,946,1,1
225462,0.7,6.4,7.5,0,0,947,1,1
225482,0.7,6.4,7.4,0,0,946,1,1
225502,0.7,6.4,7.4,0,0,944,1,1
225522,0.7,6.4,7.4,0,0,946,1,1
225542,0.7,6.4,7.4,0,0,945,1,1
225562,0.7,6.4,7.5,0,0,949,1,1
225582,0.7,6.4,7.4,0,0,945,1,1
225602,0.7,6.4,7.4,0,0,945,1,1
225622,0.7,6.4,7.5,0,0,944,1,1
225642,0.7,6.4,7.4,0,0,945,1,1
225662,0.7,6.4,7.4,0,0,944,1,1
225682,0.7,6.4,7.4,0,0,945,1,1
225702,0.7,6.4,7.4,0,0,947,1,1
225722,0.7,6.4,7.4,0,0,946,1,1
225742,0.7,6.4,7.4,0,0,946,1,1
225762,0.7,6.4,7.5,0,0,945,1,1
225782,0.7,6.4,7.4,0,0,948,1,1
225802,0.7,6.4,7.4,0,0,946,1,1
225822,0.7,6.4,7.4,0,0,947,1,1
225842,0.7,6.4,7.4,0,0,949,1,1
225862,0.7,6.4,7.4,0,0,947,1,1
225882,0.7,6.4,7.4,0,0,933,1,1
225902,0.7,6.4,7.4,0,0,945,1,1
225922,0.7,6.4,7.4,0,0,945,1,1
225942,0.7,6.4,7.4,0,0,946,1,1
225962,0.7,6.4,7.4,0,0,945,1,1
225982,0.7,6.4,7.5,0,0,946,1,1
226002,0.7,6.4,7.4,0,0,946,1,1
226022,0.7,6.4,7.4,0,0,945,1,1
226042,0.7,6.4,7.4,0,0,950,1,1
226062,0.7,6.4,7.4,0,0,945,1,1
226082,0.7,6.4,7.5,0,0,945,1,1
226102,0.7,6.4,7.5,0,0,948,1,1
226122,0.7,6.4,7.4,0,0,945,1,1
226142,0.7,6.4,7.4,0,0,945,1,1
226162,0.7,6.4,7.4,0,0,946,1,1
226182,0.7,6.5,7.4,0,0,945,1,1
226202,0.7,6.4,7.4,0,0,954,1,1
226222,0.7,6.5,7.5,0,0,945,1,1
226242,0.7,6.4,7.5,0,0,945,1,1
226262,1.6,16.0,25.6,0,0,945,1,1
226282,-0.1,7.2,2.0,0,0,943,1,1
226302,0.6,6.5,6.3,0,0,946,1,1
226322,-0.3,5.6,8.5,0,0,945,1,1
226342,0.0,6.7,8.7,-1,3,945,1,1
226362,0.8,6.1,7.0,0,0,925,1,1
226382,0.7,6.3,7.4,0,0,945,1,1
226402,0.7,5.7,6.4,0,0,945,1,1
226422,0.7,6.6,7.7,0,0,947,1,1
226442,0.7,6.9,7.7,0,0,946,1,1
226462,0.7,6.5,7.7,0,0,945,1,1
226482,0.7,6.5,7.6,0,0,946,1,1
226502,0.7,6.1,6.9,0,0,946,1,1
226522,0.7,6.3,7.7,0,0,946,1,1
226542,0.7,6.5,7.5,0,0,945,1,1
226562,0.7,6.4,7.4,0,0,945,1,1
226582,0.7,6.4,7.5,0,0,945,1,1
226602,0.7,6.4,7.4,0,0,946,1,1
226622,0.7,6.4,7.5,0,0,949,1,1
226642,0.7,6.4,7.4,0,0,945,1,1
226662,0.7,6.4,7.5,0,0,947,1,1
226682,0.7,6.4,7.5,0,0,944,1,1
226702,0.7,6.4,7.5,0,0,946,1,1
226722,0.7,6.4,7.5,0,0,947,1,1
226742,0.7,6.4,7.5,0,0,946,1,1
226762,0.7,6.4,7.4,0,0,946,1,1
226782,0.7,6.4,7.5,0,0,945,1,1
226802,0.7,6.4,7.5,0,0,944,1,1
226822,0.7,6.4,7.4,0,0,945,1,1
226842,0.7,6.4,7.4,0,0,945,1,1
226862,0.7,6.4,7.5,0,0,944,1,1
226882,0.7,6.4,7.4,0,0,947,1,1
226902,0.7,6.4,7.5,0,0,946,1,1
226922,0.7,6.4,7.5,0,0,946,1,1
226942,0.7,6.4,7.5,0,0,944,1,1
226962,0.7,6.4,7.5,0,0,943,1,1
226982,0.7,6.4,7.4,0,0,945,1,1
227002,0.7,6.4,7.5,0,0,944,1,1
227022,0.7,6.4,7.5,0,0,946,1,1
227042,0.7,6.4,7.5,0,0,945,1,1
227062,0.7,6.4,7.5,0,0,945,1,1
227082,0.7,6.4,7.5,0,0,944,1,1
227102,0.7,6.4,7.4,0,0,944,1,1
227122,0.7,6.4,7.5,0,0,945,1,1
227142,0.7,6.4,7.5,0,0,944,1,1
227162,0.7,6.4,7.5,0,0,947,1,1
227182,0.7,6.4,7.5,0,0,947,1,1
227202,0.7,6.4,7.5,0,0,945,1,1
227222,0.7,6.4,7.4,0,0,948,1,1
227242,0.7,6.4,7.5,0,0,946,1,1
227262,0.7,6.4,7.4,0,0,945,1,1
227282,0.7,6.4,7.5,0,0,945,1,1
227302,0.7,6.4,7.4,0,0,945,1,1
227322,0.7,6.4,7.5,0,0,945,1,1
227342,0.7,6.4,7.4,0,0,943,1,1
227362,0.7,6.4,7.4,0,0,945,1,1
227382,0.7,6.5,7.5,0,0,943,1,1
227402,0.6,6.5,7.5,0,0,946,1,1
227422,0.6,-2.4,4.8,0,0,945,1,1
227442,-0.6,15.6,0.0,0,0,947,1,1
227462,1.0,5.6,9.5,0,0,945,1,1
227482,1.5,7.1,7.9,0,0,945,1,1
227502,0.4,5.8,5.1,0,0,945,1,1
227522,0.6,5.1,8.8,0,0,944,1,1
227542,0.7,6.7,7.7,0,0,947,1,1
227562,0.7,6.4,6.7,0,0,945,1,1
227582,0.7,6.2,7.6,0,0,945,1,1
227602,0.7,6.8,7.8,0,0,944,1,1
227622,0.6,6.7,7.5,0,0,947,1,1
227642,0.7,7.3,7.3,0,0,945,1,1
227662,0.7,6.5,7.5,0,0,945,1,1
227682,0.7,6.4,7.5,0,0,947,1,1
227702,0.7,6.4,7.6,0,0,945,1,1
227722,0.7,6.4,7.6,0,0,945,1,1
227742,0.7,6.3,7.3,0,0,944,1,1
227762,0.7,6.5,7.5,0,0,945,1,1
227782,0.7,6.4,7.4,0,0,942,1,1
227802,0.7,6.4,7.4,0,0,945,1,1
227822,0.7,6.4,7.5,0,0,945,1,1
227842,0.7,6.4,7.5,0,0,947,1,1
227862,0.7,6.4,7.4,0,0,945,1,1
227882,0.7,6.4,7.4,0,0,943,1,1
227902,0.7,6.4,7.4,0,0,944,1,1
227922,0.7,6.4,7.4,0,0,944,1,1
227942,0.7,6.4,7.5,0,0,944,1,1
227962,0.7,6.4,7.5,0,0,947,1,1
227982,0.7,6.4,7.4,0,0,945,1,1
228002,0.7,6.4,7.4,0,0,943,1,1
228022,0.7,6.4,7.4,0,0,945,1,1
228042,0.7,6.4,7.5,0,0,944,1,1
228062,0.7,6.4,7.5,0,0,946,1,1
228082,0.7,6.4,7.4,0,0,947,1,1
228102,0.7,6.4,7.5,0,0,946,1,1
228122,0.7,6.4,7.5,0,0,942,1,1
228142,0.7,6.4,7.4,0,0,944,1,1
228162,0.7,6.4,7.4,0,0,943,1,1
228182,0.7,6.4,7.4,0,0,945,1,1
228202,0.7,6.4,7.5,0,0,948,1,1
228222,0.7,6.4,7.4,0,0,946,1,1
228242,0.7,6.4,7.5,0,0,946,1,1
228262,0.7,6.4,7.4,0,0,945,1,1
228282,0.7,6.4,7.4,0,0,943,1,1
228302,0.7,6.4,7.5,0,0,944,1,1
228322,0.7,6.4,7.5,0,0,944,1,1
228342,0.7,6.4,7.5,0,0,945,1,1
228362,0.7,6.4,7.5,0,0,946,1,1
228382,0.7,6.4,7.4,0,0,946,1,1
228402,0.7,6.4,7.4,0,0,947,1,1
228422,0.7,6.4,7.4,0,0,944,1,1
228442,0.7,6.4,7.5,0,0,945,1,1
228462,0.7,6.4,7.4,0,0,946,1,1
228482,0.7,6.4,7.5,0,0,947,1,1
228502,0.7,6.4,7.4,0,0,946,1,1
228522,0.7,6.4,7.5,0,0,946,1,1
228542,0.7,6.4,7.4,0,0,946,1,1
228562,0.7,6.4,7.4,0,0,946,1,1
228582,0.7,6.5,7.5,0,0,946,1,1
228602,6.6,19.3,18.9,0,0,946,1,1
228622,1.2,8.9,10.5,0,0,946,1,1
228642,0.7,6.7,6.8,0,0,945,1,1
228662,1.0,9.6,7.1,0,0,946,1,1
228682,1.0,3.9,6.1,0,0,945,1,1
228702,0.6,5.0,7.4,0,0,944,1,1
228722,0.6,6.5,8.0,0,0,946,1,1
228742,0.8,6.0,5.8,0,0,945,1,1
228762,0.6,7.0,9.2,0,0,946,1,1
228782,0.7,6.5,7.4,0,0,945,1,1
228802,0.7,6.2,7.3,0,0,945,1,1
228822,0.7,6.2,7.2,0,0,945,1,1
228842,0.7,6.4,7.4,0,0,945,1,1
228862,0.7,6.2,7.3,0,0,947,1,1
228882,0.7,6.5,7.7,0,0,946,1,1
228902,0.7,6.5,7.5,0,0,947,1,1
228922,0.7,6.3,7.2,0,0,946,1,1
228942,0.7,6.4,7.4,0,0,942,1,1
228962,0.7,6.4,7.4,0,0,945,1,1
228982,0.7,6.4,7.5,0,0,947,1,1
229002,0.7,6.4,7.4,0,0,947,1,1
229022,0.7,6.5,7.4,0,0,946,1,1
229042,0.7,6.4,7.4,0,0,946,1,1
229062,0.7,6.4,7.5,0,0,945,1,1
229082,0.7,6.4,7.4,0,0,948,1,1
229102,0.7,6.4,7.4,0,0,944,1,1
229122,0.7,6.4,7.5,0,0,946,1,1
229142,0.7,6.4,7.5,0,0,945,1,1
229162,0.7,6.4,7.4,0,0,945,1,1
229182,0.7,6.4,7.4,0,0,945,1,1
229202,0.7,6.4,7.5,0,0,944,1,1
229222,0.7,6.4,7.5,0,0,944,1,1
229242,0.7,6.4,7.4,0,0,943,1,1
229262,0.7,6.4,7.4,0,0,946,1,1
229282,0.7,6.4,7.4,0,0,949,1,1
229302,0.7,6.4,7.4,0,0,943,1,1
229322,0.7,6.4,7.5,0,0,945,1,1
229342,0.7,6.4,7.4,0,0,945,1,1
229362,0.7,6.4,7.4,0,0,945,1,1
229382,0.7,6.4,7.5,0,0,945,1,1
229402,0.7,6.4,7.4,0,0,946,1,1
229422,0.7,6.4,7.4,0,0,946,1,1
229442,0.7,6.4,7.4,0,0,946,1,1
229462,0.7,6.4,7.4,0,0,943,1,1
229482,0.7,6.4,7.4,0,0,945,1,1
229502,0.7,6.4,7.4,0,0,945,1,1
229522,0.7,6.4,7.4,0,0,946,1,1
229542,0.7,6.4,7.4,0,0,948,1,1
229562,0.7,6.4,7.4,0,0,947,1,1
229582,0.7,6.4,7.4,0,0,945,1,1
229602,0.7,6.4,7.4,0,0,947,1,1
229622,0.7,6.4,7.4,0,0,945,1,1
229642,0.7,6.4,7.5,0,0,946,1,1
229662,0.7,6.4,7.5,0,0,945,1,1
229682,0.7,6.5,7.4,0,0,945,1,1
229702,0.7,6.4,7.5,0,0,944,1,1
229722,0.7,6.1,7.3,0,0,946,1,1
229742,0.5,12.5,7.2,0,0,943,1,1
229762,1.0,5.6,9.9,0,0,945,1,1
229782,1.9,9.6,5.7,0,0,943,1,1
229802,0.3,3.5,7.0,0,0,947,1,1
229822,0.3,4.4,7.3,0,0,946,1,1
229842,0.7,6.5,7.1,0,0,945,1,1
229862,0.7,7.0,7.1,0,0,946,1,1
229882,0.7,6.9,8.1,0,0,945,1,1
229902,0.7,6.3,7.5,0,0,946,1,1
229922,0.7,6.5,7.6,0,0,945,1,1
229942,0.7,6.1,6.9,0,0,944,1,1
229962,0.7,6.5,7.5,0,0,944,1,1
229982,0.7,6.4,7.5,0,0,944,1,1
230002,0.7,6.4,7.5,0,0,945,1,1
230022,0.7,6.5,7.5,0,0,945,1,1
230042,0.7,6.4,7.4,0,0,945,1,1
230062,0.7,6.4,7.4,0,0,949,1,1
230082,0.7,6.4,7.4,0,0,944,1,1
230102,0.7,6.4,7.4,0,0,946,1,1
230122,0.7,6.5,7.4,0,0,946,1,1
230142,0.7,6.4,7.5,0,0,956,1,1
230162,0.7,6.4,7.4,0,0,945,1,1
230182,0.7,6.4,7.4,0,0,945,1,1
230202,0.7,6.4,7.4,0,0,945,1,1
230222,0.7,6.4,7.4,0,0,946,1,1
230242,0.7,6.4,7.5,0,0,944,1,1
230262,0.7,6.4,7.4,0,0,943,1,1
230282,0.7,6.4,7.4,0,0,945,1,1
230302,0.7,6.4,7.4,0,0,923,1,1
230322,0.7,6.4,7.4,0,0,948,1,1
230342,0.7,6.4,7.4,0,0,946,1,1
230362,0.7,6.4,7.4,0,0,945,1,1
230382,0.7,6.4,7.5,0,0,947,1,1
230402,0.7,6.4,7.4,0,0,946,1,1
230422,0.7,6.4,7.4,0,0,946,1,1
230442,0.7,6.4,7.4,0,0,944,1,1
230462,0.7,6.4,7.4,0,0,944,1,1
230482,0.7,6.4,7.4,0,0,944,1,1
230502,0.7,6.4,7.4,0,0,944,1,1
230522,0.7,6.4,7.4,0,0,944,1,1
230542,0.7,6.4,7.4,0,0,946,1,1
230562,0.7,6.4,7.4,0,0,944,1,1
230582,0.7,6.4,7.5,0,0,948,1,1
230602,0.7,6.4,7.5,0,0,947,1,1
230622,0.7,6.4,7.4,0,0,945,1,1
230642,0.7,6.4,7.4,0,0,944,1,1
230662,0.7,6.4,7.4,0,0,945,1,1
230682,0.7,6.4,7.4,0,0,946,1,1
230702,0.7,6.4,7.5,0,0,946,1,1
230722,0.7,6.4,7.5,0,0,946,1,1
230742,0.7,6.4,7.4,0,0,945,1,1
230762,0.7,6.5,7.4,0,0,943,1,1
230782,0.7,6.4,7.4,0,0,945,1,1
230802,0.7,6.4,7.4,0,0,943,1,1
230822,0.7,6.4,7.5,0,0,946,1,1
230842,2.9,13.2,23.4,0,0,947,1,1
230862,0.8,6.3,8.6,0,0,945,1,1
230882,0.4,5.8,8.2,0,0,945,1,1
230902,0.7,8.2,8.4,0,0,945,1,1
230922,0.1,5.2,7.7,3,-2,946,1,1
230942,0.3,3.6,6.5,0,0,947,1,1
230962,0.5,6.0,7.9,0,0,946,1,1
230982,0.8,7.0,6.0,0,0,945,1,1
231002,0.6,7.1,9.4,0,0,944,1,1
231022,0.7,6.4,7.0,0,0,941,1,1
231042,0.7,6.2,7.5,0,0,946,1,1
231062,0.7,6.3,7.1,0,0,946,1,1
231082,0.7,6.2,7.2,0,0,947,1,1
231102,0.7,6.6,7.6,0,0,946,1,1
231122,0.7,6.5,7.5,0,0,945,1,1
231142,0.7,6.4,7.5,0,0,945,1,1
231162,0.7,6.4,7.5,0,0,946,1,1
231182,0.7,6.4,7.4,0,0,945,1,1
231202,0.7,6.4,7.5,0,0,947,1,1
231222,0.7,6.4,7.5,0,0,945,1,1
231242,0.7,6.4,7.5,0,0,947,1,1
231262,0.7,6.4,7.5,0,0,945,1,1
231282,0.7,6.4,7.4,0,0,942,1,1
231302,0.7,6.4,7.4,0,0,944,1,1
231322,0.7,6.4,7.4,0,0,945,1,1
231342,0.7,6.4,7.5,0,0,946,1,1
231362,0.7,6.4,7.4,0,0,947,1,1
231382,0.7,6.4,7.5,0,0,946,1,1
231402,0.7,6.4,7.4,0,0,943,1,1
231422,0.7,6.4,7.5,0,0,943,1,1
231442,0.7,6.4,7.5,0,0,945,1,1
231462,0.7,6.4,7.5,0,0,946,1,1
231482,0.7,6.4,7.5,0,0,947,1,1
231502,0.7,6.4,7.5,0,0,946,1,1
231522,0.7,6.4,7.4,0,0,946,1,1
231542,0.7,6.4,7.4,0,0,943,1,1
231562,0.7,6.4,7.5,0,0,946,1,1
231582,0.7,6.4,7.5,0,0,945,1,1
231602,0.7,6.4,7.5,0,0,945,1,1
231622,0.7,6.5,7.5,0,0,947,1,1
231642,0.7,6.4,7.5,0,0,945,1,1
231662,0.7,6.4,7.4,0,0,944,1,1
231682,0.7,6.7,8.0,0,0,945,1,1
231702,0.7,6.5,7.5,0,0,945,1,1
231722,0.7,6.5,7.6,0,0,945,1,1
231742,0.7,6.4,7.3,0,0,946,1,1
231762,0.7,6.3,7.4,0,0,943,1,1
231782,0.7,6.4,7.4,0,0,944,1,1
231802,0.7,6.4,7.4,0,0,943,1,1
231822,0.7,6.4,7.5,0,0,946,1,1
231842,0.7,6.4,7.5,0,0,947,1,1
231862,0.7,6.4,7.5,0,0,948,1,1
231882,0.7,6.4,7.4,0,0,945,1,1
231902,0.7,6.4,7.4,0,0,945,1,1
231922,0.7,6.5,7.5,0,0,947,1,1
231942,0.7,6.4,7.4,0,0,945,1,1
231962,0.7,6.4,7.4,0,0,945,1,1
231982,0.7,6.4,7.5,0,0,946,1,1
232002,0.7,6.4,7.4,0,0,945,1,1
232022,0.7,6.4,7.5,0,0,943,1,1
232042,0.7,6.4,7.4,0,0,944,1,1
232062,0.7,6.4,7.5,0,0,944,1,1
232082,0.7,6.4,7.4,0,0,946,1,1
232102,-1.6,-23.3,-10.6,0,0,945,1,1
232122,1.1,16.8,9.9,0,0,947,1,1
232142,0.4,3.9,1.2,0,0,946,1,1
232162,0.7,4.9,7.6,0,0,945,1,1
232182,0.4,5.5,12.0,0,0,943,1,1
232202,0.8,5.6,5.7,0,0,947,1,1
232222,0.6,6.7,8.7,0,0,945,1,1
232242,0.8,5.7,6.0,0,0,946,1,1
232262,0.6,6.4,7.8,0,0,944,1,1
232282,0.7,7.4,8.6,0,0,945,1,1
232302,0.7,6.6,7.5,0,0,944,1,1
232322,0.7,6.2,7.6,0,0,946,1,1
232342,0.7,6.4,7.3,0,0,946,1,1
232362,0.7,6.3,7.4,0,0,945,1,1
232382,0.7,6.7,7.7,0,0,948,1,1
232402,0.7,6.5,7.5,0,0,946,1,1
232422,0.7,6.3,7.4,0,0,946,1,1
232442,0.7,6.4,7.4,0,0,945,1,1
232462,0.7,6.4,7.4,0,0,946,1,1
232482,0.7,6.4,7.5,0,0,944,1,1
232502,0.7,6.4,7.4,0,0,946,1,1
232522,0.7,6.4,7.5,0,0,946,1,1
232542,0.7,6.4,7.5,0,0,946,1,1
232562,0.7,6.4,7.5,0,0,947,1,1
232582,0.7,6.4,7.5,0,0,943,1,1
232602,0.7,6.4,7.4,0,0,944,1,1
232622,0.7,6.4,7.5,0,0,945,1,1
232642,0.6,6.4,7.5,0,0,946,1,1
232662,0.7,6.4,7.4,0,0,949,1,1
232682,0.7,6.4,7.4,0,0,945,1,1
232702,0.7,6.4,7.4,0,0,946,1,1
232722,0.7,6.4,7.4,0,0,945,1,1
232742,0.7,6.4,7.5,0,0,945,1,1
232762,0.7,6.4,7.5,0,0,943,1,1
232782,0.6,6.4,7.5,0,0,945,1,1
232802,0.7,6.4,7.4,0,0,944,1,1
232822,0.7,6.4,7.5,0,0,945,1,1
232842,0.7,6.4,7.4,0,0,945,1,1
232862,0.7,6.4,7.5,0,0,942,1,1
232882,0.7,6.4,7.5,0,0,945,1,1
232902,0.7,6.4,7.5,0,0,946,1,1
232922,0.7,6.4,7.4,0,0,946,1,1
232942,0.7,6.4,7.5,0,0,947,1,1
232962,0.7,6.4,7.5,0,0,945,1,1
232982,0.7,6.4,7.4,0,0,945,1,1
233002,0.7,6.4,7.4,0,0,946,1,1
233022,0.7,6.4,7.4,0,0,945,1,1
233042,0.7,6.4,7.4,0,0,947,1,1
233062,0.7,6.4,7.5,0,0,945,1,1
233082,0.7,6.4,7.4,0,0,944,1,1
233102,0.7,6.4,7.5,0,0,944,1,1
233122,0.7,6.4,7.4,0,0,943,1,1
233142,0.7,6.4,7.4,0,0,945,1,1
233162,0.6,6.4,7.4,0,0,945,1,1
233182,0.7,6.4,7.4,0,0,944,1,1
233202,0.7,6.4,7.4,0,0,947,1,1
233222,0.7,6.4,7.5,0,0,946,1,1
233242,0.7,6.4,7.5,0,0,947,1,1
233262,0.7,6.4,7.4,0,0,944,1,1
233282,0.7,6.4,7.4,0,0,945,1,1
233302,0.7,6.4,7.4,0,0,946,1,1
233322,0.7,6.4,7.5,0,0,945,1,1
233342,0.6,6.5,7.5,0,0,947,1,1
233362,0.7,6.4,7.4,0,0,945,1,1
233382,3.9,21.8,27.6,0,0,943,1,1
233402,1.8,8.8,3.3,0,0,944,1,1
233422,1.3,7.2,9.0,0,0,945,1,1
233442,0.3,4.3,3.9,0,0,946,1,1
233462,0.4,4.9,7.9,0,0,948,1,1
233482,0.7,7.1,7.6,0,0,946,1,1
233502,0.7,7.0,6.8,0,0,946,1,1
233522,0.7,6.1,7.7,0,0,946,1,1
233542,0.7,6.5,7.6,0,0,946,1,1
233562,0.7,6.6,7.6,0,0,945,1,1
233582,0.7,5.9,6.8,0,0,944,1,1
233602,0.7,6.5,7.5,0,0,944,1,1
233622,0.7,6.6,7.7,0,0,945,1,1
233642,0.6,6.3,7.4,0,0,944,1,1
233662,0.6,6.4,7.5,0,0,946,1,1
233682,0.7,6.5,7.5,0,0,944,1,1
233702,0.7,6.3,7.2,0,0,943,1,1
233722,0.7,6.5,7.6,0,0,946,1,1
233742,0.7,6.4,7.5,0,0,946,1,1
233762,0.7,6.4,7.5,0,0,944,1,1
233782,0.7,6.4,7.4,0,0,943,1,1
233802,0.7,6.4,7.4,0,0,945,1,1
233822,0.6,6.4,7.5,0,0,944,1,1
233842,0.7,6.4,7.5,0,0,947,1,1
233862,0.7,6.4,7.5,0,0,946,1,1
233882,0.7,6.4,7.4,0,0,944,1,1
233902,0.7,6.4,7.5,0,0,944,1,1
233922,0.7,6.4,7.4,0,0,958,1,1
233942,0.7,6.4,7.4,0,0,944,1,1
233962,0.7,6.4,7.5,0,0,944,1,1
233982,0.7,6.4,7.4,0,0,946,1,1
234002,0.6,6.4,7.5,0,0,946,1,1
234022,0.7,6.4,7.5,0,0,945,1,1
234042,0.7,6.4,7.5,0,0,945,1,1
234062,0.7,6.4,7.4,0,0,945,1,1
234082,0.7,6.4,7.4,0,0,934,1,1
234102,0.7,6.4,7.4,0,0,948,1,1
234122,0.7,6.4,7.5,0,0,946,1,1
234142,0.7,6.5,7.5,0,0,945,1,1
234162,0.7,6.4,7.5,0,0,945,1,1
234182,0.7,6.4,7.5,0,0,942,1,1
234202,0.7,6.4,7.4,0,0,944,1,1
234222,0.7,6.4,7.5,0,0,945,1,1
234242,0.7,6.4,7.4,0,0,943,1,1
234262,0.7,6.4,7.4,0,0,945,1,1
234282,0.7,6.4,7.4,0,0,944,1,1
234302,0.7,6.4,7.4,0,0,945,1,1
234322,0.7,6.4,7.4,0,0,945,1,1
234342,0.7,6.4,7.5,0,0,948,1,1
234362,0.7,6.4,7.5,0,0,946,1,1
234382,0.7,6.4,7.5,0,0,944,1,1
234402,0.7,6.4,7.4,0,0,946,1,1
234422,0.7,6.4,7.4,0,0,945,1,1
234442,0.7,6.4,7.4,0,0,944,1,1
234462,0.7,6.4,7.5,0,0,944,1,1
234482,0.7,6.4,7.4,0,0,946,1,1
234502,0.7,6.4,7.4,0,0,944,1,1
234522,0.7,6.4,7.4,0,0,948,1,1
234542,0.7,6.4,7.4,0,0,941,1,1
234562,0.7,6.4,7.5,0,0,945,1,1
234582,0.7,6.4,7.3,0,0,946,1,1
234602,0.7,6.5,7.6,0,0,947,1,1
234622,-0.3,-23.3,-3.6,0,0,944,1,1
234642,-0.3,14.7,2.0,0,0,945,1,1
234662,0.9,5.6,10.2,0,0,946,1,1
234682,0.9,7.8,9.5,0,0,946,1,1
234702,0.6,3.6,5.4,0,0,944,1,1
234722,0.6,5.4,6.8,0,0,944,1,1
234742,0.8,5.9,6.4,0,0,947,1,1
234762,0.8,6.6,6.3,0,0,947,1,1
234782,0.6,6.9,8.0,0,0,945,1,1
234802,0.4,6.8,7.9,0,0,945,1,1
234822,0.7,7.3,7.2,0,0,945,1,1
234842,0.7,6.2,7.1,0,0,945,1,1
234862,0.7,6.4,7.3,0,0,942,1,1
234882,0.7,6.6,7.4,0,0,945,1,1
234902,0.6,6.5,7.6,0,0,944,1,1
234922,0.7,6.5,7.6,0,0,947,1,1
234942,0.7,6.3,7.2,0,0,948,1,1
234962,0.7,6.4,7.4,0,0,945,1,1
234982,0.7,6.4,7.4,0,0,944,1,1
235002,0.7,6.4,7.5,0,0,943,1,1
235022,0.7,6.4,7.5,0,0,945,1,1
235042,0.7,6.4,7.4,0,0,943,1,1
235062,0.7,6.4,7.4,0,0,948,1,1
235082,0.7,6.4,7.4,0,0,945,1,1
235102,0.7,6.4,7.4,0,0,946,1,1
235122,0.7,6.4,7.4,0,0,946,1,1
235142,0.7,6.4,7.4,0,0,945,1,1
235162,0.7,6.4,7.4,0,0,945,1,1
235182,0.7,6.4,7.4,0,0,945,1,1
235202,0.7,6.4,7.4,0,0,944,1,1
235222,0.7,6.4,7.5,0,0,945,1,1
235242,0.7,6.4,7.4,0,0,942,1,1
235262,0.7,6.4,7.4,0,0,945,1,1
235282,0.7,6.4,7.4,0,0,945,1,1
235302,0.7,6.4,7.4,0,0,945,1,1
235322,0.7,6.4,7.4,0,0,950,1,1
235342,0.7,6.4,7.4,0,0,947,1,1
235362,0.7,6.4,7.5,0,0,947,1,1
235382,0.7,6.4,7.5,0,0,945,1,1
235402,0.7,6.4,7.5,0,0,945,1,1
235422,0.7,6.4,7.4,0,0,945,1,1
235442,0.7,6.4,7.4,0,0,946,1,1
235462,0.7,6.4,7.4,0,0,945,1,1
235482,0.7,6.4,7.5,0,0,944,1,1
235502,0.7,6.4,7.5,0,0,945,1,1
235522,0.7,6.4,7.4,0,0,944,1,1
235542,0.7,6.4,7.5,0,0,944,1,1
235562,0.7,6.4,7.5,0,0,945,1,1
235582,0.7,6.4,7.5,0,0,946,1,1
235602,0.7,6.4,7.5,0,0,947,1,1
235622,0.7,6.4,7.5,0,0,945,1,1
235642,0.7,6.5,7.5,0,0,946,1,1
235662,0.7,6.4,7.4,0,0,945,1,1
235682,0.7,6.4,7.5,0,0,944,1,1
235702,0.7,6.4,7.5,0,0,945,1,1
235722,0.7,6.4,7.4,0,0,945,1,1
235742,0.7,6.4,7.5,0,0,945,1,1
235762,0.7,6.4,7.5,0,0,944,1,1
235782,0.7,6.4,7.5,0,0,943,1,1
235802,0.7,6.4,7.5,0,0,945,1,1
235822,0.7,6.4,7.4,0,0,946,1,1
235842,0.7,6.4,7.5,0,0,946,1,1
235862,0.7,6.4,7.4,0,0,944,1,1
235882,0.7,6.5,7.6,0,0,945,1,1
235902,0.7,6.6,7.7,0,0,945,1,1
235922,2.9,13.4,2.2,0,0,944,1,1
235942,1.2,5.3,11.1,0,0,945,1,1
235962,0.3,7.2,11.8,0,0,945,1,1
235982,0.9,4.4,6.3,0,0,944,1,1
236002,0.6,6.1,6.9,0,0,945,1,1
236022,0.8,6.3,6.4,0,0,943,1,1
236042,0.7,7.1,8.1,0,0,942,1,1
236062,0.7,6.5,7.3,0,0,944,1,1
236082,0.7,6.6,8.2,0,0,946,1,1
236102,0.7,6.8,7.6,0,0,946,1,1
236122,0.7,5.7,6.6,0,0,947,1,1
236142,0.7,6.3,7.6,0,0,947,1,1
236162,0.7,6.6,7.7,0,0,944,1,1
236182,0.7,6.4,7.5,0,0,945,1,1
236202,0.7,6.4,7.5,0,0,947,1,1
236222,0.7,6.5,7.5,0,0,946,1,1
236242,0.7,6.3,7.3,0,0,946,1,1
236262,0.7,6.6,7.6,0,0,944,1,1
236282,0.7,6.3,7.4,0,0,941,1,1
236302,0.7,6.4,7.4,0,0,944,1,1
236322,0.7,6.4,7.4,0,0,944,1,1
236342,0.7,6.4,7.4,0,0,944,1,1
236362,0.7,6.4,7.4,0,0,946,1,1
236382,0.7,6.4,7.4,0,0,945,1,1
236402,0.7,6.4,7.4,0,0,947,1,1
236422,0.7,6.4,7.4,0,0,944,1,1
236442,0.7,6.4,7.4,0,0,946,1,1
236462,0.7,6.4,7.4,0,0,946,1,1
236482,0.7,6.4,7.4,0,0,944,1,1
236502,0.7,6.4,7.4,0,0,946,1,1
236522,0.7,6.4,7.4,0,0,947,1,1
236542,0.7,6.4,7.4,0,0,945,1,1
236562,0.7,6.4,7.4,0,0,945,1,1
236582,0.7,6.4,7.4,0,0,943,1,1
236602,0.7,6.4,7.4,0,0,945,1,1
236622,0.7,6.4,7.4,0,0,945,1,1
236642,0.7,6.4,7.4,0,0,944,1,1
236662,0.7,6.4,7.4,0,0,947,1,1
236682,0.7,6.4,7.5,0,0,948,1,1
236702,0.7,6.4,7.4,0,0,945,1,1
236722,0.7,6.4,7.4,0,0,946,1,1
236742,0.7,6.4,7.4,0,0,945,1,1
236762,0.7,6.4,7.4,0,0,944,1,1
236782,0.7,6.4,7.4,0,0,943,1,1
236802,0.7,6.4,7.5,0,0,943,1,1
236822,0.7,6.4,7.5,0,0,945,1,1
236842,0.7,6.4,7.4,0,0,944,1,1
236862,0.7,6.4,7.4,0,0,942,1,1
236882,0.7,6.4,7.4,0,0,945,1,1
236902,0.7,6.4,7.4,0,0,945,1,1
236922,0.7,6.4,7.4,0,0,945,1,1
236942,0.7,6.4,7.4,0,0,946,1,1
236962,0.7,6.4,7.5,0,0,946,1,1
236982,0.7,6.4,7.4,0,0,945,1,1
237002,0.7,6.4,7.4,0,0,944,1,1
237022,0.7,6.4,7.5,0,0,945,1,1
237042,0.7,6.4,7.4,0,0,946,1,1
237062,0.7,6.4,7.5,0,0,945,1,1
237082,0.7,6.4,7.4,0,0,944,1,1
237102,0.7,6.4,7.4,0,0,943,1,1
237122,0.7,6.4,7.3,0,0,945,1,1
237142,0.7,6.2,7.4,0,0,945,1,1
237162,0.7,6.9,7.8,0,0,942,1,1
237182,0.7,6.2,6.8,0,0,948,1,1
237202,6.5,5.8,44.9,0,0,946,1,1
237222,0.7,11.7,11.1,0,0,940,1,1
237242,2.3,7.2,11.6,0,0,945,1,1
237262,0.6,4.8,8.0,0,0,944,1,1
237282,0.8,6.2,5.4,0,0,946,1,1
237302,0.8,6.2,6.8,0,0,946,1,1
237322,0.6,7.2,8.7,0,0,945,1,1
237342,0.6,6.5,8.3,0,0,947,1,1
237362,0.6,6.9,8.6,0,0,945,1,1
237382,0.8,6.3,7.2,0,0,941,1,1
237402,0.7,6.2,7.2,0,0,945,1,1
237422,0.7,6.2,7.0,0,0,945,1,1
237442,0.7,6.8,7.9,0,0,947,1,1
237462,0.7,6.4,7.6,0,0,946,1,1
237482,0.6,6.4,7.5,0,0,945,1,1
237502,0.7,6.4,7.3,0,0,945,1,1
237522,0.7,6.3,7.3,0,0,947,1,1
237542,0.7,6.4,7.4,0,0,946,1,1
237562,0.7,6.4,7.4,0,0,946,1,1
237582,0.7,6.4,7.4,0,0,948,1,1
237602,0.7,6.4,7.4,0,0,944,1,1
237622,0.7,6.4,7.4,0,0,944,1,1
237642,0.7,6.5,7.5,0,0,944,1,1
237662,0.7,6.5,7.4,0,0,944,1,1
237682,0.7,6.4,7.4,0,0,946,1,1
237702,0.7,6.4,7.4,0,0,945,1,1
237722,0.7,6.4,7.4,0,0,945,1,1
237742,0.7,6.4,7.4,0,0,947,1,1
237762,0.7,6.5,7.4,0,0,946,1,1
237782,0.7,6.5,7.4,0,0,944,1,1
237802,0.7,6.4,7.4,0,0,945,1,1
237822,0.7,6.5,7.4,0,0,946,1,1
237842,0.7,6.4,7.4,0,0,945,1,1
237862,0.7,6.5,7.4,0,0,946,1,1
237882,0.7,6.5,7.4,0,0,945,1,1
237902,0.7,6.4,7.4,0,0,943,1,1
237922,0.7,6.4,7.4,0,0,944,1,1
237942,0.7,6.4,7.4,0,0,945,1,1
237962,0.7,6.4,7.4,0,0,946,1,1
237982,0.7,6.5,7.4,0,0,948,1,1
238002,0.7,6.4,7.4,0,0,945,1,1
238022,0.7,6.4,7.4,0,0,943,1,1
238042,0.7,6.4,7.4,0,0,944,1,1
238062,0.7,6.5,7.4,0,0,945,1,1
238082,0.7,6.4,7.4,0,0,945,1,1
238102,0.7,6.4,7.4,0,0,946,1,1
238122,0.7,6.4,7.4,0,0,946,1,1
238142,0.7,6.5,7.4,0,0,943,1,1
238162,0.7,6.4,7.4,0,0,941,1,1
238182,0.7,6.4,7.4,0,0,944,1,1
238202,0.7,6.4,7.4,0,0,944,1,1
238222,0.7,6.4,7.4,0,0,945,1,1
238242,0.7,6.5,7.4,0,0,950,1,1
238262,0.7,6.5,7.4,0,0,944,1,1
238282,0.7,6.4,7.4,0,0,942,1,1
238302,0.7,6.4,7.4,0,0,944,1,1
238322,0.7,6.5,7.4,0,0,944,1,1
238342,0.7,6.4,7.4,0,0,945,1,1
238362,0.7,6.5,7.4,0,0,945,1,1
238382,0.7,6.4,7.4,0,0,944,1,1
238402,0.7,6.4,7.4,0,0,946,1,1
238422,0.7,6.4,7.4,0,0,946,1,1
238442,0.7,6.4,7.4,0,0,942,1,1
238462,0.7,6.4,7.4,0,0,946,1,1
238482,0.7,6.4,7.7,0,0,944,1,1
238502,0.7,6.5,7.2,0,0,944,1,1
238522,11.1,25.9,45.5,0,0,947,1,1
238542,2.1,8.6,2.1,0,0,945,1,1
238562,1.4,9.7,5.4,0,0,945,1,1
238582,1.3,3.6,5.6,0,0,944,1,1
238602,0.5,3.9,7.4,0,0,946,1,1
238622,0.8,6.0,7.2,0,0,946,1,1
238642,0.7,7.2,6.3,0,0,944,1,1
238662,0.7,8.2,9.2,0,0,945,1,1
238682,0.7,6.6,7.6,0,0,946,1,1
238702,0.7,6.5,7.6,0,0,941,1,1
238722,0.7,5.7,7.0,0,0,943,1,1
238742,0.7,6.2,7.5,0,0,946,1,1
238762,0.7,6.7,7.7,0,0,946,1,1
238782,0.7,6.4,7.5,0,0,949,1,1
238802,0.7,6.5,7.5,0,0,946,1,1
238822,0.6,6.6,7.6,0,0,945,1,1
238842,0.7,6.1,7.3,0,0,944,1,1
238862,0.7,6.4,7.4,0,0,945,1,1
238882,0.7,6.4,7.5,0,0,945,1,1
238902,0.7,6.4,7.4,0,0,945,1,1
238922,0.7,6.4,7.4,0,0,945,1,1
238942,0.7,6.4,7.4,0,0,944,1,1
238962,0.7,6.4,7.4,0,0,942,1,1
238982,0.7,6.4,7.5,0,0,944,1,1
239002,0.7,6.4,7.4,0,0,944,1,1
239022,0.7,6.4,7.4,0,0,945,1,1
239042,0.7,6.4,7.4,0,0,947,1,1
239062,0.7,6.4,7.4,0,0,946,1,1
239082,0.7,6.4,7.4,0,0,946,1,1
239102,0.7,6.4,7.4,0,0,943,1,1
239122,0.7,6.4,7.4,0,0,947,1,1
239142,0.7,6.4,7.4,0,0,945,1,1
239162,0.7,6.4,7.4,0,0,947,1,1
239182,0.7,6.4,7.4,0,0,944,1,1
239202,0.7,6.4,7.5,0,0,945,1,1
239222,0.7,6.4,7.5,0,0,946,1,1
239242,0.7,6.4,7.4,0,0,944,1,1
239262,0.7,6.4,7.4,0,0,947,1,1
239282,0.7,6.4,7.4,0,0,946,1,1
239302,0.7,6.4,7.4,0,0,947,1,1
239322,0.7,6.4,7.4,0,0,947,1,1
239342,0.7,6.4,7.5,0,0,946,1,1
239362,0.7,6.4,7.4,0,0,943,1,1
239382,0.7,6.4,7.4,0,0,945,1,1
239402,0.7,6.4,7.4,0,0,943,1,1
239422,0.7,6.5,7.4,0,0,944,1,1
239442,0.7,6.4,7.5,0,0,947,1,1
239462,0.7,6.4,7.4,0,0,944,1,1
239482,0.7,6.4,7.4,0,0,945,1,1
239502,0.7,6.4,7.5,0,0,943,1,1
239522,0.7,6.4,7.4,0,0,945,1,1
239542,0.7,6.4,7.4,0,0,944,1,1
239562,0.7,6.4,7.4,0,0,948,1,1
239582,0.7,6.4,7.5,0,0,949,1,1
239602,0.7,6.4,7.4,0,0,946,1,1
239622,0.7,6.4,7.5,0,0,944,1,1
239642,0.7,6.4,7.4,0,0,946,1,1
239662,0.7,6.4,7.5,0,0,947,1,1
239682,0.7,6.4,7.4,0,0,946,1,1
239702,0.7,6.4,7.4,0,0,946,1,1
239722,0.7,6.4,7.4,0,0,945,1,1
239742,0.7,6.4,7.5,0,0,948,1,1
239762,0.7,6.5,7.4,0,0,943,1,1
239782,0.7,6.5,7.5,0,0,945,1,1
239802,8.9,15.0,17.0,0,0,945,1,1
239822,0.3,5.1,6.6,0,0,945,1,1
239842,0.8,7.2,6.4,0,0,947,1,1
239862,0.1,5.8,8.1,0,0,946,1,1
239882,0.6,6.0,6.2,0,0,944,1,1
239902,0.8,5.7,7.0,0,0,945,1,1
239922,0.6,6.9,8.4,0,0,945,1,1
239942,0.8,6.3,8.6,0,0,946,1,1
239962,0.7,6.1,7.3,0,0,945,1,1
239982,0.7,6.4,7.2,0,0,945,1,1
240002,0.7,6.1,7.0,0,0,943,1,1
240022,0.7,6.4,7.1,0,0,944,1,1
240042,0.7,6.5,7.9,0,0,943,1,1
240062,0.7,6.4,7.4,0,0,946,1,1
240082,0.7,6.4,7.3,0,0,943,1,1
240102,0.7,6.5,7.4,0,0,945,1,1
240122,0.7,6.4,7.4,0,0,946,1,1
240142,0.7,6.5,7.5,0,0,944,1,1
240162,0.7,6.4,7.4,0,0,943,1,1
240182,0.7,6.4,7.5,0,0,944,1,1
240202,0.7,6.4,7.4,0,0,945,1,1
240222,0.7,6.4,7.5,0,0,944,1,1
240242,0.7,6.4,7.4,0,0,945,1,1
240262,0.7,6.4,7.5,0,0,944,1,1
240282,0.7,6.4,7.4,0,0,944,1,1
240302,0.7,6.4,7.4,0,0,944,1,1
240322,0.7,6.4,7.4,0,0,946,1,1
240342,0.7,6.4,7.4,0,0,945,1,1
240362,0.7,6.4,7.4,0,0,945,1,1
240382,0.7,6.4,7.4,0,0,945,1,1
240402,0.7,6.4,7.4,0,0,945,1,1
240422,0.7,6.4,7.5,0,0,945,1,1
240442,0.7,6.4,7.4,0,0,945,1,1
240462,0.7,6.4,7.4,0,0,945,1,1
240482,0.7,6.4,7.4,0,0,945,1,1
240502,0.7,6.4,7.5,0,0,945,1,1
240522,0.7,6.4,7.4,0,0,947,1,1
240542,0.7,6.4,7.4,0,0,945,1,1
240562,0.7,6.4,7.4,0,0,947,1,1
240582,0.7,6.5,7.5,0,0,942,1,1
240602,0.7,6.4,7.4,0,0,944,1,1
240622,0.7,6.4,7.4,0,0,946,1,1
240642,0.7,6.4,7.4,0,0,947,1,1
240662,0.7,6.4,7.4,0,0,945,1,1
240682,0.7,6.4,7.4,0,0,944,1,1
240702,0.7,6.4,7.4,0,0,945,1,1
240722,0.7,6.4,7.5,0,0,947,1,1
240742,0.7,6.4,7.4,0,0,944,1,1
240762,0.7,6.4,7.4,0,0,945,1,1
240782,0.7,6.4,7.4,0,0,945,1,1
240802,0.7,6.4,7.4,0,0,948,1,1
240822,0.7,6.5,7.4,0,0,945,1,1
240842,0.7,6.4,7.4,0,0,944,1,1
240862,0.7,6.4,7.4,0,0,944,1,1
240882,0.7,6.4,7.4,0,0,944,1,1
240902,0.7,6.4,7.4,0,0,945,1,1
240922,0.7,6.4,7.4,0,0,949,1,1
240942,0.7,6.4,7.4,0,0,944,1,1
240962,0.7,6.4,7.4,0,0,943,1,1
240982,0.7,6.4,7.4,0,0,945,1,1
241002,0.7,6.4,7.4,0,0,946,1,1
241022,0.7,6.4,7.5,0,0,946,1,1
241042,0.7,6.4,7.4,0,0,944,1,1
241062,0.7,6.5,7.4,0,0,946,1,1
241082,0.7,6.4,7.4,0,0,946,1,1
241102,2.7,14.4,22.8,0,0,945,1,1
241122,0.4,8.4,4.7,0,0,941,1,1
241142,1.0,6.0,7.3,0,0,945,1,1
241162,0.7,8.2,7.5,0,0,945,1,1
241182,0.0,6.1,9.2,-3,0,945,1,1
241202,0.7,4.5,7.4,0,0,947,1,1
241222,0.6,6.6,8.1,0,0,945,1,1
241242,0.8,5.7,5.1,0,0,945,1,1
241262,0.7,6.7,8.5,0,0,946,1,1
241282,0.4,6.4,8.8,0,0,945,1,1
241302,0.7,6.3,6.9,0,0,945,1,1
241322,0.7,6.6,7.7,0,0,945,1,1
241342,0.7,6.5,7.2,0,0,945,1,1
241362,0.7,6.2,7.2,0,0,946,1,1
241382,0.7,6.7,7.9,0,0,944,1,1
241402,0.7,6.4,7.3,0,0,943,1,1
241422,0.7,6.3,7.4,0,0,945,1,1
241442,0.6,6.4,7.5,0,0,945,1,1
241462,0.6,6.2,7.3,0,0,945,1,1
241482,0.7,6.5,7.5,0,0,948,1,1
241502,0.7,6.4,7.5,0,0,945,1,1
241522,0.7,6.4,7.5,0,0,943,1,1
241542,0.7,6.4,7.4,0,0,945,1,1
241562,0.7,6.4,7.4,0,0,943,1,1
241582,0.7,6.4,7.5,0,0,943,1,1
241602,0.7,6.4,7.4,0,0,945,1,1
241622,0.7,6.4,7.5,0,0,960,1,1
241642,0.7,6.4,7.5,0,0,945,1,1
241662,0.7,6.4,7.4,0,0,941,1,1
241682,0.7,6.4,7.4,0,0,945,1,1
241702,0.7,6.4,7.4,0,0,944,1,1
241722,0.7,6.4,7.4,0,0,946,1,1
241742,0.7,6.4,7.4,0,0,945,1,1
241762,0.6,6.4,7.5,0,0,945,1,1
241782,0.7,6.4,7.5,0,0,947,1,1
241802,0.7,6.4,7.4,0,0,945,1,1
241822,0.7,6.4,7.4,0,0,946,1,1
241842,0.7,6.4,7.4,0,0,945,1,1
241862,0.7,6.4,7.4,0,0,945,1,1
241882,0.7,6.4,7.4,0,0,943,1,1
241902,0.7,6.4,7.4,0,0,947,1,1
241922,0.7,6.4,7.4,0,0,941,1,1
241942,0.7,6.4,7.4,0,0,944,1,1
241962,0.7,6.4,7.5,0,0,944,1,1
241982,0.7,6.4,7.5,0,0,946,1,1
242002,0.7,6.4,7.4,0,0,947,1,1
242022,0.7,6.4,7.5,0,0,946,1,1
242042,0.7,6.4,7.4,0,0,945,1,1
242062,0.7,6.4,7.4,0,0,945,1,1
242082,0.7,6.4,7.4,0,0,945,1,1
242102,0.7,6.4,7.4,0,0,945,1,1
242122,0.6,6.4,7.5,0,0,945,1,1
242142,0.7,6.4,7.5,0,0,945,1,1
242162,0.7,6.4,7.4,0,0,945,1,1
242182,0.7,6.4,7.4,0,0,945,1,1
242202,0.7,6.5,7.4,0,0,945,1,1
242222,0.6,6.4,7.5,0,0,944,1,1
242242,0.7,6.4,7.4,0,0,944,1,1
242262,0.7,6.4,7.5,0,0,944,1,1
242282,0.7,6.4,7.4,0,0,947,1,1
242302,0.7,6.4,7.6,0,0,948,1,1
242322,0.7,6.4,7.5,0,0,946,1,1
242342,0.7,6.4,7.4,0,0,945,1,1
242362,0.6,6.2,7.4,0,0,946,1,1
242382,0.3,18.3,-0.3,0,0,945,1,1
242402,1.3,8.8,7.7,0,0,945,1,1
242422,1.2,4.1,8.7,0,0,944,1,1
242442,0.6,5.7,7.3,0,0,946,1,1
242462,0.7,6.3,6.0,0,0,944,1,1
242482,0.7,6.8,7.6,0,0,946,1,1
242502,0.7,6.7,8.2,0,0,946,1,1
242522,0.7,6.7,7.5,0,0,944,1,1
242542,0.7,6.6,7.6,0,0,948,1,1
242562,0.7,6.2,7.0,0,0,944,1,1
242582,0.7,6.0,7.0,0,0,946,1,1
242602,0.7,6.5,7.5,0,0,947,1,1
242622,0.7,6.5,7.5,0,0,945,1,1
242642,0.6,6.4,7.5,0,0,945,1,1
242662,0.6,6.5,7.5,0,0,945,1,1
242682,0.6,6.3,7.3,0,0,946,1,1
242702,0.7,6.4,7.4,0,0,944,1,1
242722,0.7,6.5,7.5,0,0,943,1,1
242742,0.7,6.4,7.4,0,0,944,1,1
242762,0.7,6.4,7.5,0,0,946,1,1
242782,0.7,6.4,7.4,0,0,944,1,1
242802,0.7,6.4,7.4,0,0,949,1,1
242822,0.7,6.5,7.4,0,0,947,1,1
242842,0.7,6.5,7.4,0,0,946,1,1
242862,0.6,6.4,7.4,0,0,946,1,1
242882,0.7,6.4,7.4,0,0,945,1,1
242902,0.7,6.4,7.4,0,0,944,1,1
242922,0.7,6.4,7.4,0,0,947,1,1
242942,0.7,6.4,7.4,0,0,943,1,1
242962,0.7,6.4,7.4,0,0,948,1,1
242982,0.7,6.4,7.4,0,0,944,1,1
243002,0.7,6.4,7.4,0,0,943,1,1
243022,0.7,6.4,7.4,0,0,943,1,1
243042,0.7,6.4,7.4,0,0,943,1,1
243062,0.7,6.4,7.4,0,0,946,1,1
243082,0.7,6.4,7.4,0,0,947,1,1
243102,0.7,6.4,7.4,0,0,944,1,1
243122,0.7,6.4,7.4,0,0,945,1,1
243142,0.7,6.4,7.4,0,0,944,1,1
243162,0.7,6.4,7.4,0,0,945,1,1
243182,0.7,6.4,7.4,0,0,945,1,1
243202,0.7,6.4,7.5,0,0,945,1,1
243222,0.7,6.4,7.4,0,0,946,1,1
243242,0.7,6.4,7.4,0,0,945,1,1
243262,0.7,6.4,7.4,0,0,944,1,1
243282,0.7,6.4,7.4,0,0,943,1,1
243302,0.6,6.4,7.4,0,0,944,1,1
243322,0.7,6.4,7.4,0,0,943,1,1
243342,0.7,6.4,7.4,0,0,946,1,1
243362,0.7,6.4,7.4,0,0,946,1,1
243382,0.7,6.4,7.4,0,0,945,1,1
243402,0.7,6.4,7.4,0,0,945,1,1
243422,0.7,6.4,7.4,0,0,946,1,1
243442,0.7,6.4,7.4,0,0,945,1,1
243462,0.7,6.4,7.4,0,0,944,1,1
243482,0.7,6.5,7.4,0,0,945,1,1
243502,0.7,6.5,7.5,0,0,945,1,1
243522,0.7,6.4,7.6,0,0,945,1,1
243542,0.7,6.4,7.4,0,0,942,1,1
243562,0.7,6.5,7.6,0,0,943,1,1
243582,0.7,6.4,7.4,0,0,945,1,1
243602,0.7,6.4,7.3,0,0,946,1,1
243622,0.6,6.6,7.6,0,0,947,1,1
243642,0.7,6.3,7.3,0,0,945,1,1
243662,0.7,6.4,7.3,0,0,945,1,1
243682,6.6,20.1,28.9,0,0,944,1,1
243702,-0.3,7.2,14.9,0,0,943,1,1
243722,1.3,4.3,7.3,0,0,942,1,1
243742,0.4,5.8,9.1,0,0,944,1,1
243762,0.8,6.9,6.1,0,0,946,1,1
243782,0.6,6.3,7.6,0,0,944,1,1
243802,0.6,7.4,9.2,0,0,944,1,1
243822,0.7,6.6,7.4,0,0,945,1,1
243842,0.7,6.4,7.7,0,0,947,1,1
243862,0.7,6.3,7.1,0,0,946,1,1
243882,0.7,6.4,7.3,0,0,945,1,1
243902,0.7,6.4,7.2,0,0,945,1,1
243922,0.6,6.6,7.9,0,0,946,1,1
243942,0.7,6.5,7.5,0,0,944,1,1
243962,0.6,6.3,7.3,0,0,946,1,1
243982,0.7,6.5,7.4,0,0,947,1,1
244002,0.7,6.4,7.4,0,0,946,1,1
244022,0.7,6.5,7.5,0,0,946,1,1
244042,0.7,6.5,7.4,0,0,945,1,1
244062,0.7,6.4,7.4,0,0,945,1,1
244082,0.7,6.4,7.4,0,0,944,1,1
244102,0.7,6.4,7.4,0,0,945,1,1
244122,0.7,6.4,7.4,0,0,944,1,1
244142,0.7,6.5,7.4,0,0,944,1,1
244162,0.7,6.4,7.4,0,0,948,1,1
244182,0.7,6.4,7.4,0,0,947,1,1
244202,0.7,6.5,7.4,0,0,943,1,1
244222,0.7,6.4,7.4,0,0,944,1,1
244242,0.7,6.4,7.4,0,0,946,1,1
244262,0.7,6.5,7.4,0,0,946,1,1
244282,0.7,6.4,7.4,0,0,944,1,1
244302,0.7,6.4,7.4,0,0,943,1,1
244322,0.7,6.5,7.4,0,0,945,1,1
244342,0.7,6.4,7.4,0,0,944,1,1
244362,0.7,6.4,7.4,0,0,945,1,1
244382,0.7,6.4,7.4,0,0,944,1,1
244402,0.7,6.5,7.4,0,0,944,1,1
244422,0.7,6.4,7.4,0,0,946,1,1
244442,0.7,6.4,7.4,0,0,934,1,1
244462,0.7,6.4,7.4,0,0,945,1,1
244482,0.7,6.5,7.4,0,0,946,1,1
244502,0.7,6.4,7.4,0,0,944,1,1
244522,0.7,6.4,7.4,0,0,946,1,1
244542,0.7,6.4,7.4,0,0,946,1,1
244562,0.7,6.4,7.4,0,0,946,1,1
244582,0.7,6.4,7.4,0,0,945,1,1
244602,0.7,6.5,7.4,0,0,942,1,1
244622,0.7,6.5,7.4,0,0,944,1,1
244642,0.7,6.4,7.4,0,0,946,1,1
244662,0.7,6.4,7.4,0,0,944,1,1
244682,0.7,6.4,7.3,0,0,948,1,1
244702,0.7,6.5,7.5,0,0,947,1,1
244722,0.7,6.4,7.4,0,0,946,1,1
244742,0.7,6.4,7.4,0,0,943,1,1
244762,0.7,6.4,7.4,0,0,946,1,1
244782,0.7,6.5,7.5,0,0,946,1,1
244802,0.7,6.4,7.4,0,0,945,1,1
244822,0.7,6.5,7.4,0,0,946,1,1
244842,0.7,6.5,7.4,0,0,945,1,1
244862,0.7,6.4,7.5,0,0,945,1,1
244882,0.7,6.4,7.4,0,0,943,1,1
244902,0.7,6.4,7.4,0,0,944,1,1
244922,0.7,6.4,7.4,0,0,945,1,1
244942,0.7,6.5,7.5,0,0,947,1,1
244962,0.7,6.4,7.3,0,0,945,1,1
244982,5.0,23.3,24.6,0,0,944,1,1
245002,-2.8,2.9,7.0,0,0,943,1,1
245022,1.1,6.8,11.3,0,0,947,1,1
245042,0.6,3.4,7.5,0,0,945,1,1
245062,0.6,6.3,6.7,0,0,948,1,1
245082,0.8,6.3,6.0,0,0,944,1,1
245102,0.6,6.6,8.8,0,0,945,1,1
245122,0.7,6.2,8.8,0,0,944,1,1
245142,0.7,6.6,7.8,0,0,943,1,1
245162,0.7,6.0,6.9,0,0,944,1,1
245182,0.7,6.4,7.0,0,0,945,1,1
245202,0.7,6.1,6.9,0,0,945,1,1
245222,0.7,6.9,8.3,0,0,949,1,1
245242,0.7,6.6,7.5,0,0,944,1,1
245262,0.7,6.4,7.5,0,0,945,1,1
245282,0.7,6.3,7.2,0,0,946,1,1
245302,0.7,6.4,7.3,0,0,946,1,1
245322,0.7,6.4,7.5,0,0,946,1,1
245342,0.7,6.5,7.4,0,0,946,1,1
245362,0.7,6.4,7.4,0,0,948,1,1
245382,0.7,6.4,7.4,0,0,946,1,1
245402,0.7,6.4,7.5,0,0,944,1,1
245422,0.7,6.4,7.4,0,0,945,1,1
245442,0.7,6.4,7.4,0,0,943,1,1
245462,0.7,6.5,7.4,0,0,945,1,1
245482,0.7,6.4,7.5,0,0,948,1,1
245502,0.7,6.4,7.4,0,0,947,1,1
245522,0.7,6.4,7.4,0,0,945,1,1
245542,0.7,6.4,7.4,0,0,945,1,1
245562,0.7,6.5,7.4,0,0,945,1,1
245582,0.7,6.4,7.4,0,0,947,1,1
245602,0.7,6.4,7.4,0,0,946,1,1
245622,0.7,6.4,7.4,0,0,947,1,1
245642,0.7,6.5,7.4,0,0,946,1,1
245662,0.7,6.4,7.4,0,0,942,1,1
245682,0.7,6.5,7.4,0,0,945,1,1
245702,0.7,6.4,7.4,0,0,945,1,1
245722,0.7,6.4,7.4,0,0,944,1,1
245742,0.7,6.4,7.4,0,0,948,1,1
245762,0.7,6.4,7.4,0,0,946,1,1
245782,0.7,6.4,7.4,0,0,944,1,1
245802,0.7,6.4,7.4,0,0,945,1,1
245822,0.7,6.4,7.4,0,0,945,1,1
245842,0.7,6.4,7.4,0,0,945,1,1
245862,0.7,6.5,7.4,0,0,947,1,1
245882,0.7,6.4,7.4,0,0,946,1,1
245902,0.7,6.4,7.4,0,0,945,1,1
245922,0.7,6.5,7.4,0,0,945,1,1
245942,0.7,6.4,7.4,0,0,944,1,1
245962,0.7,6.5,7.4,0,0,945,1,1
245982,0.7,6.5,7.4,0,0,944,1,1
246002,0.7,6.5,7.4,0,0,946,1,1
246022,0.7,6.4,7.4,0,0,946,1,1
246042,0.7,6.5,7.4,0,0,946,1,1
246062,0.7,6.4,7.5,0,0,944,1,1
246082,0.7,6.4,7.4,0,0,946,1,1
246102,0.7,6.5,7.4,0,0,944,1,1
246122,0.7,6.4,7.4,0,0,945,1,1
246142,0.7,6.5,7.4,0,0,945,1,1
246162,0.7,6.4,7.4,0,0,946,1,1
246182,0.7,6.4,7.4,0,0,945,1,1
246202,0.7,6.4,7.4,0,0,941,1,1
246222,0.7,6.5,7.4,0,0,946,1,1
246242,0.7,6.5,7.4,0,0,944,1,1
246262,0.7,6.5,7.4,0,0,946,1,1
246282,0.7,6.3,7.5,0,0,948,1,1
246302,9.0,-8.6,-3.0,0,0,946,1,1
246322,-0.5,10.1,12.6,0,0,946,1,1
246342,0.8,6.3,4.6,0,0,945,1,1
246362,0.7,5.2,7.5,0,0,945,1,1
246382,0.9,5.6,5.1,0,0,946,1,1
246402,0.7,6.3,6.8,0,0,945,1,1
246422,0.7,6.3,8.4,0,0,946,1,1
246442,0.7,6.7,8.1,0,0,945,1,1
246462,0.6,6.3,7.6,0,0,940,1,1
246482,0.7,6.3,7.1,0,0,944,1,1
246502,0.7,6.3,7.1,0,0,943,1,1
246522,0.7,6.3,7.0,0,0,946,1,1
246542,0.7,6.7,8.0,0,0,949,1,1
246562,0.7,6.7,7.6,0,0,946,1,1
246582,0.6,6.3,7.3,0,0,945,1,1
246602,0.7,6.4,7.4,0,0,945,1,1
246622,0.7,6.5,7.4,0,0,945,1,1
246642,0.7,6.4,7.4,0,0,946,1,1
246662,0.7,6.5,7.4,0,0,945,1,1
246682,0.7,6.4,7.4,0,0,945,1,1
246702,0.7,6.4,7.4,0,0,948,1,1
246722,0.7,6.5,7.4,0,0,944,1,1
246742,0.7,6.4,7.4,0,0,942,1,1
246762,0.7,6.4,7.4,0,0,945,1,1
246782,0.7,6.4,7.4,0,0,947,1,1
246802,0.7,6.4,7.4,0,0,946,1,1
246822,0.7,6.4,7.4,0,0,946,1,1
246842,0.7,6.5,7.4,0,0,946,1,1
246862,0.7,6.4,7.4,0,0,945,1,1
246882,0.7,6.5,7.4,0,0,944,1,1
246902,0.7,6.4,7.4,0,0,945,1,1
246922,0.7,6.5,7.4,0,0,946,1,1
246942,0.7,6.5,7.4,0,0,946,1,1
246962,0.7,6.4,7.4,0,0,944,1,1
246982,0.7,6.4,7.4,0,0,946,1,1
247002,0.7,6.5,7.4,0,0,942,1,1
247022,0.7,6.4,7.4,0,0,944,1,1
247042,0.7,6.5,7.4,0,0,944,1,1
247062,0.7,6.4,7.4,0,0,946,1,1
247082,0.7,6.4,7.4,0,0,948,1,1
247102,0.7,6.4,7.4,0,0,946,1,1
247122,0.7,6.5,7.4,0,0,944,1,1
247142,0.7,6.4,7.4,0,0,946,1,1
247162,0.7,6.4,7.4,0,0,945,1,1
247182,0.7,6.4,7.4,0,0,945,1,1
247202,0.7,6.4,7.4,0,0,945,1,1
247222,0.7,6.4,7.4,0,0,945,1,1
247242,0.7,6.4,7.4,0,0,945,1,1
247262,0.7,6.5,7.4,0,0,943,1,1
247282,0.7,6.4,7.4,0,0,945,1,1
247302,0.7,6.4,7.4,0,0,943,1,1
247322,0.7,6.5,7.4,0,0,944,1,1
247342,0.7,6.4,7.4,0,0,948,1,1
247362,0.7,6.4,7.4,0,0,945,1,1
247382,0.7,6.4,7.4,0,0,945,1,1
247402,0.7,6.5,7.4,0,0,947,1,1
247422,0.7,6.4,7.4,0,0,946,1,1
247442,0.7,6.5,7.4,0,0,945,1,1
247462,0.7,6.4,7.4,0,0,946,1,1
247482,0.7,6.5,7.5,0,0,947,1,1
247502,0.7,6.5,7.4,0,0,944,1,1
247522,0.7,6.5,7.4,0,0,944,1,1
247542,0.7,6.5,7.4,0,0,945,1,1
247562,0.7,6.4,6.2,0,0,945,1,1
247582,-0.7,9.5,5.8,0,0,944,1,1
247602,-0.1,4.2,9.8,0,0,943,1,1
247622,1.6,8.4,8.3,0,0,947,1,1
247642,0.8,7.2,6.4,0,0,946,1,1
247662,0.6,5.5,7.0,0,0,944,1,1
247682,0.7,6.9,7.5,0,0,946,1,1
247702,0.6,6.8,8.6,0,0,947,1,1
247722,0.6,6.5,8.1,0,0,943,1,1
247742,0.7,6.3,7.2,0,0,946,1,1
247762,0.7,6.3,7.2,0,0,946,1,1
247782,0.7,6.3,7.0,0,0,944,1,1
247802,0.7,6.6,7.5,0,0,944,1,1
247822,0.7,6.6,7.8,0,0,944,1,1
247842,0.7,6.5,7.6,0,0,946,1,1
247862,0.7,6.3,7.0,0,0,945,1,1
247882,0.7,6.5,7.5,0,0,946,1,1
247902,0.7,6.4,7.4,0,0,946,1,1
247922,0.7,6.5,7.5,0,0,945,1,1
247942,0.7,6.5,7.5,0,0,945,1,1
247962,0.7,6.3,7.3,0,0,945,1,1
247982,0.7,6.5,7.4,0,0,946,1,1
248002,0.7,6.4,7.4,0,0,947,1,1
248022,0.7,6.4,7.4,0,0,945,1,1
248042,0.7,6.5,7.4,0,0,945,1,1
248062,0.7,6.4,7.4,0,0,942,1,1
248082,0.7,6.5,7.4,0,0,944,1,1
248102,0.7,6.4,7.4,0,0,944,1,1
248122,0.7,6.4,7.4,0,0,945,1,1
248142,0.7,6.5,7.4,0,0,944,1,1
248162,0.7,6.5,7.4,0,0,944,1,1
248182,0.7,6.4,7.4,0,0,945,1,1
248202,0.7,6.5,7.4,0,0,941,1,1
248222,0.7,6.4,7.4,0,0,943,1,1
248242,0.7,6.5,7.4,0,0,945,1,1
248262,0.7,6.4,7.4,0,0,946,1,1
248282,0.7,6.5,7.4,0,0,946,1,1
248302,0.7,6.5,7.4,0,0,946,1,1
248322,0.7,6.4,7.4,0,0,944,1,1
248342,0.7,6.5,7.4,0,0,946,1,1
248362,0.7,6.5,7.4,0,0,945,1,1
248382,0.7,6.5,7.4,0,0,944,1,1
248402,0.7,6.4,7.4,0,0,945,1,1
248422,0.7,6.5,7.4,0,0,944,1,1
248442,0.7,6.5,7.4,0,0,945,1,1
248462,0.7,6.5,7.4,0,0,945,1,1
248482,0.7,6.5,7.4,0,0,947,1,1
248502,0.7,6.4,7.4,0,0,945,1,1
248522,0.7,6.4,7.4,0,0,946,1,1
248542,0.7,6.5,7.4,0,0,946,1,1
248562,0.7,6.5,7.4,0,0,946,1,1
248582,0.7,6.5,7.4,0,0,942,1,1
248602,0.7,6.4,7.4,0,0,945,1,1
248622,0.7,6.4,7.4,0,0,945,1,1
248642,0.7,6.5,7.4,0,0,946,1,1
248662,0.7,6.4,7.4,0,0,945,1,1
248682,0.7,6.4,7.4,0,0,945,1,1
248702,0.7,6.4,7.4,0,0,944,1,1
248722,0.7,6.4,7.4,0,0,946,1,1
248742,0.7,6.5,7.4,0,0,945,1,1
248762,0.7,6.5,7.4,0,0,944,1,1
248782,0.7,6.5,7.4,0,0,945,1,1
248802,-0.1,11.2,5.0,0,0,944,1,1
248822,1.2,6.5,8.5,0,0,944,1,1
248842,0.1,5.9,12.9,0,0,945,1,1
248862,0.8,6.3,7.3,0,0,944,1,1
248882,0.7,6.7,6.6,0,0,944,1,1
248902,0.7,5.9,5.9,0,0,949,1,1
248922,0.7,6.9,8.4,0,0,945,1,1
248942,0.7,7.2,7.7,0,0,945,1,1
248962,0.7,7.0,8.3,0,0,944,1,1
248982,0.7,6.3,7.2,0,0,946,1,1
249002,0.7,6.1,6.8,0,0,946,1,1
249022,0.7,6.4,7.3,0,0,946,1,1
249042,0.7,6.6,7.8,0,0,945,1,1
249062,0.7,6.5,7.5,0,0,946,1,1
249082,0.7,6.5,7.6,0,0,945,1,1
249102,0.7,6.4,7.2,0,0,943,1,1
249122,0.7,6.5,7.4,0,0,945,1,1
249142,0.7,6.5,7.5,0,0,945,1,1
249162,0.7,6.5,7.4,0,0,947,1,1
249182,0.7,6.4,7.4,0,0,946,1,1
249202,0.7,6.4,7.4,0,0,944,1,1
249222,0.7,6.4,7.4,0,0,946,1,1
249242,0.7,6.5,7.4,0,0,947,1,1
249262,0.7,6.4,7.4,0,0,946,1,1
249282,0.7,6.5,7.4,0,0,944,1,1
249302,0.7,6.4,7.4,0,0,947,1,1
249322,0.7,6.4,7.4,0,0,944,1,1
249342,0.7,6.5,7.4,0,0,944,1,1
249362,0.7,6.5,7.4,0,0,944,1,1
249382,0.7,6.4,7.4,0,0,946,1,1
249402,0.7,6.5,7.4,0,0,946,1,1
249422,0.7,6.5,7.4,0,0,947,1,1
249442,0.7,6.4,7.4,0,0,944,1,1
249462,0.7,6.5,7.4,0,0,946,1,1
249482,0.7,6.5,7.4,0,0,947,1,1
249502,0.7,6.5,7.4,0,0,946,1,1
249522,0.7,6.4,7.4,0,0,946,1,1
249542,0.7,6.5,7.4,0,0,946,1,1
249562,0.7,6.5,7.4,0,0,946,1,1
249582,0.7,6.4,7.4,0,0,945,1,1
249602,0.7,6.5,7.4,0,0,943,1,1
249622,0.7,6.5,7.4,0,0,946,1,1
249642,0.7,6.5,7.4,0,0,946,1,1
249662,0.7,6.4,7.4,0,0,943,1,1
249682,0.7,6.4,7.4,0,0,947,1,1
249702,0.7,6.4,7.4,0,0,947,1,1
249722,0.7,6.4,7.4,0,0,946,1,1
249742,0.7,6.4,7.4,0,0,944,1,1
249762,0.7,6.5,7.4,0,0,946,1,1
249782,0.7,6.5,7.4,0,0,945,1,1
249802,0.7,6.5,7.4,0,0,948,1,1
249822,0.7,6.5,7.4,0,0,944,1,1
249842,0.7,6.5,7.4,0,0,944,1,1
249862,0.7,6.4,7.4,0,0,944,1,1
249882,0.7,6.4,7.2,0,0,943,1,1
249902,0.6,6.5,7.7,0,0,945,1,1
249922,0.7,6.6,7.6,0,0,943,1,1
249942,0.7,6.4,7.4,0,0,947,1,1
249962,0.7,6.5,7.2,0,0,945,1,1
249982,0.0,-17.1,-19.7,0,0,947,1,1
250002,2.1,10.3,-1.5,0,0,944,1,1
250022,0.8,5.3,9.9,0,0,945,1,1
250042,0.4,4.9,8.8,0,0,945,1,1
250062,1.0,6.4,6.1,0,0,945,1,1
250082,0.8,5.4,6.9,0,0,945,1,1
250102,0.7,7.0,7.4,0,0,946,1,1
250122,0.7,6.7,8.2,0,0,944,1,1
250142,0.7,6.6,7.6,0,0,943,1,1
250162,0.7,6.3,7.0,0,0,945,1,1
250182,0.7,6.5,7.3,0,0,947,1,1
250202,0.7,6.4,7.0,0,0,946,1,1
250222,0.7,6.6,7.7,0,0,947,1,1
250242,0.7,6.5,7.7,0,0,943,1,1
250262,0.7,6.4,7.5,0,0,945,1,1
250282,0.7,6.4,7.3,0,0,946,1,1
250302,0.7,6.5,7.3,0,0,945,1,1
250322,0.7,6.4,7.4,0,0,946,1,1
250342,0.7,6.5,7.4,0,0,947,1,1
250362,0.7,6.4,7.4,0,0,944,1,1
250382,0.7,6.5,7.4,0,0,947,1,1
250402,0.7,6.4,7.4,0,0,943,1,1
250422,0.7,6.5,7.4,0,0,945,1,1
250442,0.7,6.5,7.4,0,0,944,1,1
250462,0.7,6.5,7.4,0,0,947,1,1
250482,0.7,6.5,7.5,0,0,948,1,1
250502,0.7,6.5,7.4,0,0,944,1,1
250522,0.7,6.5,7.4,0,0,945,1,1
250542,0.7,6.5,7.4,0,0,945,1,1
250562,0.7,6.5,7.4,0,0,947,1,1
250582,0.7,6.5,7.4,0,0,945,1,1
250602,0.7,6.5,7.3,0,0,946,1,1
250622,0.7,6.5,7.4,0,0,946,1,1
250642,0.7,6.5,7.4,0,0,943,1,1
250662,0.7,6.5,7.4,0,0,943,1,1
250682,0.7,6.5,7.4,0,0,947,1,1
250702,0.7,6.4,7.4,0,0,944,1,1
250722,0.7,6.5,7.4,0,0,947,1,1
250742,0.7,6.5,7.4,0,0,944,1,1
250762,0.7,6.5,7.4,0,0,948,1,1
250782,0.7,6.5,7.4,0,0,946,1,1
250802,0.7,6.5,7.4,0,0,944,1,1
250822,0.7,6.4,7.4,0,0,946,1,1
250842,0.7,6.5,7.4,0,0,948,1,1
250862,0.7,6.5,7.4,0,0,946,1,1
250882,0.7,6.5,7.4,0,0,946,1,1
250902,0.7,6.5,7.4,0,0,944,1,1
250922,0.7,6.5,7.4,0,0,943,1,1
250942,0.7,6.5,7.4,0,0,943,1,1
250962,0.7,6.5,7.4,0,0,946,1,1
250982,0.7,6.5,7.4,0,0,946,1,1
251002,0.7,6.4,7.4,0,0,946,1,1
251022,0.7,6.5,7.4,0,0,947,1,1
251042,0.7,6.5,7.4,0,0,945,1,1
251062,0.7,6.5,7.4,0,0,944,1,1
251082,0.7,6.5,7.4,0,0,946,1,1
251102,0.7,6.5,7.4,0,0,945,1,1
251122,0.7,6.5,7.4,0,0,947,1,1
251142,0.7,6.5,7.4,0,0,947,1,1
251162,0.7,6.5,7.4,0,0,943,1,1
251182,0.7,6.5,7.5,0,0,945,1,1
251202,0.7,6.5,7.3,0,0,947,1,1
251222,0.7,6.7,7.3,0,0,944,1,1
251242,-0.7,-18.6,-8.0,0,0,946,1,1
251262,0.3,9.3,7.9,0,0,947,1,1
251282,2.4,7.0,1.7,0,0,947,1,1
251302,0.6,5.7,7.6,0,0,947,1,1
251322,0.9,5.6,4.8,0,0,943,1,1
251342,0.7,6.1,6.6,0,0,947,1,1
251362,0.7,7.0,7.6,0,0,945,1,1
251382,0.6,6.9,8.3,0,0,945,1,1
251402,0.6,6.2,7.3,0,0,945,1,1
251422,0.7,6.4,7.0,0,0,943,1,1
251442,0.7,6.4,7.2,0,0,943,1,1
251462,0.7,6.4,6.9,0,0,945,1,1
251482,0.7,6.7,7.8,0,0,946,1,1
251502,0.7,6.5,7.7,0,0,948,1,1
251522,0.7,6.4,7.4,0,0,944,1,1
251542,0.7,6.5,7.4,0,0,945,1,1
251562,0.7,6.5,7.4,0,0,946,1,1
251582,0.7,6.4,7.2,0,0,947,1,1
251602,0.7,6.5,7.5,0,0,946,1,1
251622,0.7,6.6,7.5,0,0,946,1,1
251642,0.7,6.4,7.2,0,0,945,1,1
251662,0.7,6.5,7.5,0,0,945,1,1
251682,0.7,6.4,7.4,0,0,944,1,1
251702,0.7,6.5,7.4,0,0,945,1,1
251722,0.7,6.4,7.4,0,0,945,1,1
251742,0.7,6.4,7.4,0,0,944,1,1
251762,0.7,6.4,7.4,0,0,948,1,1
251782,0.7,6.5,7.4,0,0,946,1,1
251802,0.7,6.5,7.4,0,0,946,1,1
251822,0.7,6.5,7.4,0,0,943,1,1
251842,0.7,6.5,7.4,0,0,946,1,1
251862,0.7,6.4,7.4,0,0,945,1,1
251882,0.7,6.5,7.4,0,0,945,1,1
251902,0.7,6.5,7.4,0,0,945,1,1
251922,0.7,6.5,7.4,0,0,943,1,1
251942,0.7,6.5,7.4,0,0,941,1,1
251962,0.7,6.5,7.4,0,0,946,1,1
251982,0.7,6.5,7.4,0,0,946,1,1
252002,0.7,6.5,7.4,0,0,945,1,1
252022,0.7,6.5,7.4,0,0,948,1,1
252042,0.7,6.5,7.4,0,0,945,1,1
252062,0.7,6.5,7.4,0,0,945,1,1
252082,0.7,6.4,7.4,0,0,946,1,1
252102,0.7,6.5,7.4,0,0,945,1,1
252122,0.7,6.5,7.4,0,0,944,1,1
252142,0.7,6.5,7.4,0,0,946,1,1
252162,0.7,6.5,7.4,0,0,945,1,1
252182,0.7,6.4,7.4,0,0,947,1,1
252202,0.7,6.4,7.4,0,0,944,1,1
252222,0.7,6.5,7.4,0,0,944,1,1
252242,0.7,6.4,7.4,0,0,943,1,1
252262,0.7,6.5,7.4,0,0,945,1,1
252282,0.7,6.5,7.4,0,0,946,1,1
252302,0.7,6.5,7.4,0,0,942,1,1
252322,0.7,6.5,7.4,0,0,946,1,1
252342,0.7,6.5,7.4,0,0,945,1,1
252362,0.7,6.5,7.4,0,0,945,1,1
252382,0.7,6.5,7.4,0,0,946,1,1
252402,0.7,6.5,7.4,0,0,945,1,1
252422,0.7,6.4,7.3,0,0,943,1,1
252442,0.7,6.6,7.2,0,0,945,1,1
252462,0.7,6.5,7.4,0,0,929,1,1
252482,7.9,14.7,21.5,0,0,944,1,1
252502,0.9,5.4,9.3,0,0,944,1,1
252522,1.5,6.6,8.6,0,0,945,1,1
252542,0.5,4.4,9.8,0,0,946,1,1
252562,0.7,6.7,6.2,0,0,945,1,1
252582,0.7,6.6,6.6,0,0,948,1,1
252602,0.7,7.0,8.4,0,0,945,1,1
252622,0.7,6.8,7.9,0,0,946,1,1
252642,0.6,6.8,7.9,0,0,947,1,1
252662,0.7,6.2,7.0,0,0,946,1,1
252682,0.7,6.3,7.0,0,0,945,1,1
252702,0.7,6.4,7.2,0,0,945,1,1
252722,0.7,6.7,7.8,0,0,943,1,1
252742,0.7,6.5,7.4,0,0,945,1,1
252762,0.7,6.5,7.5,0,0,943,1,1
252782,0.7,6.5,7.4,0,0,946,1,1
252802,0.7,6.5,7.4,0,0,945,1,1
252822,0.7,6.5,7.4,0,0,945,1,1
252842,0.7,6.4,7.4,0,0,947,1,1
252862,0.7,6.5,7.4,0,0,943,1,1
252882,0.7,6.5,7.4,0,0,945,1,1
252902,0.7,6.5,7.4,0,0,946,1,1
252922,0.7,6.4,7.4,0,0,944,1,1
252942,0.7,6.5,7.4,0,0,945,1,1
252962,0.7,6.5,7.4,0,0,945,1,1
252982,0.7,6.5,7.4,0,0,945,1,1
253002,0.7,6.5,7.4,0,0,945,1,1
253022,0.7,6.5,7.4,0,0,946,1,1
253042,0.7,6.5,7.4,0,0,945,1,1
253062,0.7,6.5,7.4,0,0,945,1,1
253082,0.7,6.5,7.4,0,0,946,1,1
253102,0.7,6.5,7.4,0,0,944,1,1
253122,0.7,6.5,7.4,0,0,944,1,1
253142,0.7,6.5,7.4,0,0,947,1,1
253162,0.7,6.5,7.4,0,0,945,1,1
253182,0.7,6.5,7.4,0,0,946,1,1
253202,0.7,6.4,7.4,0,0,946,1,1
253222,0.7,6.5,7.4,0,0,944,1,1
253242,0.7,6.5,7.4,0,0,943,1,1
253262,0.7,6.5,7.4,0,0,944,1,1
253282,0.7,6.5,7.4,0,0,946,1,1
253302,0.7,6.5,7.4,0,0,946,1,1
253322,0.7,6.5,7.4,0,0,948,1,1
253342,0.7,6.5,7.4,0,0,946,1,1
253362,0.7,6.5,7.4,0,0,945,1,1
253382,0.7,6.5,7.4,0,0,945,1,1
253402,0.7,6.4,7.4,0,0,945,1,1
253422,0.7,6.5,7.4,0,0,946,1,1
253442,0.7,6.5,7.4,0,0,946,1,1
253462,0.7,6.5,7.4,0,0,945,1,1
253482,0.7,6.5,7.4,0,0,946,1,1
253502,0.7,6.5,7.4,0,0,945,1,1
253522,0.7,6.5,7.4,0,0,943,1,1
253542,0.7,6.5,7.4,0,0,946,1,1
253562,0.7,6.5,7.4,0,0,944,1,1
253582,0.7,6.5,7.4,0,0,948,1,1
253602,0.7,6.5,7.4,0,0,947,1,1
253622,0.7,6.5,7.4,0,0,945,1,1
253642,0.7,6.5,7.4,0,0,945,1,1
253662,0.7,6.5,7.4,0,0,945,1,1
253682,0.7,6.5,7.2,0,0,945,1,1
253702,0.7,6.6,7.3,0,0,947,1,1
253722,0.7,6.6,7.6,0,0,944,1,1
253742,14.8,25.2,33.6,0,0,946,1,1
253762,0.3,6.4,10.6,0,0,946,1,1
253782,0.7,6.2,6.8,0,0,943,1,1
253802,1.6,6.5,5.5,0,0,945,1,1
253822,0.4,2.4,10.1,0,0,945,1,1
253842,0.8,6.8,6.4,0,0,947,1,1
253862,0.7,6.5,7.5,0,0,947,1,1
253882,0.6,5.9,7.5,0,0,949,1,1
253902,0.8,8.6,9.2,0,0,947,1,1
253922,0.7,6.7,7.3,0,0,945,1,1
253942,0.8,6.0,7.1,0,0,945,1,1
253962,0.7,6.0,7.3,0,0,946,1,1
253982,0.7,6.6,7.3,0,0,946,1,1
254002,0.7,6.4,7.5,0,0,943,1,1
254022,0.7,6.5,7.5,0,0,945,1,1
254042,0.7,6.6,7.5,0,0,939,1,1
254062,0.7,6.3,7.1,0,0,945,1,1
254082,0.7,6.4,7.5,0,0,943,1,1
254102,0.7,6.4,7.5,0,0,944,1,1
254122,0.7,6.5,7.4,0,0,948,1,1
254142,0.7,6.4,7.4,0,0,944,1,1
254162,0.7,6.5,7.4,0,0,946,1,1
254182,0.7,6.5,7.4,0,0,946,1,1
254202,0.7,6.4,7.4,0,0,945,1,1
254222,0.7,6.4,7.4,0,0,946,1,1
254242,0.7,6.4,7.4,0,0,944,1,1
254262,0.7,6.5,7.4,0,0,947,1,1
254282,0.7,6.4,7.4,0,0,945,1,1
254302,0.7,6.4,7.4,0,0,944,1,1
254322,0.7,6.4,7.4,0,0,944,1,1
254342,0.7,6.4,7.4,0,0,946,1,1
254362,0.7,6.4,7.4,0,0,945,1,1
254382,0.7,6.5,7.4,0,0,946,1,1
254402,0.7,6.4,7.4,0,0,946,1,1
254422,0.7,6.4,7.4,0,0,947,1,1
254442,0.7,6.4,7.4,0,0,945,1,1
254462,0.7,6.4,7.4,0,0,945,1,1
254482,0.7,6.4,7.4,0,0,946,1,1
254502,0.7,6.4,7.4,0,0,944,1,1
254522,0.7,6.4,7.4,0,0,945,1,1
254542,0.6,6.5,7.4,0,0,945,1,1
254562,0.6,6.4,7.4,0,0,944,1,1
254582,0.7,6.4,7.4,0,0,945,1,1
254602,0.7,6.4,7.4,0,0,945,1,1
254622,0.7,6.4,7.4,0,0,945,1,1
254642,0.7,6.5,7.4,0,0,945,1,1
254662,0.7,6.4,7.4,0,0,945,1,1
254682,0.7,6.5,7.4,0,0,946,1,1
254702,0.6,6.4,7.4,0,0,944,1,1
254722,0.6,6.4,7.4,0,0,946,1,1
254742,0.7,6.5,7.6,0,0,945,1,1
254762,0.7,6.5,7.4,0,0,945,1,1
254782,0.7,6.5,7.3,0,0,947,1,1
254802,0.7,6.5,7.4,0,0,945,1,1
254822,0.7,6.4,7.4,0,0,944,1,1
254842,0.7,6.4,7.4,0,0,945,1,1
254862,0.7,6.3,7.4,0,0,944,1,1
254882,0.7,6.5,7.4,0,0,944,1,1
254902,0.7,6.4,7.3,0,0,947,1,1
254922,0.7,6.4,7.5,0,0,944,1,1
254942,0.7,6.5,7.5,0,0,946,1,1
254962,0.8,6.6,7.5,0,0,943,1,1
254982,0.7,6.5,7.1,0,0,945,1,1
255002,0.7,6.7,7.8,0,0,945,1,1
255022,0.7,6.4,7.2,0,0,946,1,1
255042,0.6,5.8,8.0,0,0,946,1,1
255062,0.7,6.2,7.6,0,0,945,1,1
255082,0.7,6.4,8.1,0,0,944,1,1
255102,0.7,6.3,7.6,0,0,943,1,1
255122,0.8,6.1,7.3,0,0,943,1,1
255142,0.8,6.1,7.3,0,0,947,1,1
255162,0.8,6.2,7.3,0,0,947,1,1
255182,0.7,6.2,7.5,0,0,947,1,1
255202,0.8,6.3,7.6,0,0,946,1,1
255222,0.7,6.5,7.7,0,0,947,1,1
<DISCONNECTED>
